#nodos de la red - 1000 es el nodo origen
set Nodos:= 1000 1 2 3 4 5 6 7 8 9 10 11 12 13 14 15 16 17 18 19 20 21 22 23 24 25 26 27 28 29 30 31 32 33 34 35 36 37 38 39 40 41 42 43 44 45 46 47 48 49 50 51 52 53 54 55 56 57 58 59 60 61 62 63 64 65 66 67 68 69 70 71 72 73 74 75 76 77 78 79 80 81 82 83 84 85 86 87 88 89 90 91 92 93 94 95 96 97 98 99 100;

#predios productores
set I:= 1 2 3 4 5 6 7 8 9 10 11 12 13 14 15 16 17 18 19 20 21 22 23 24 25 26 27 28 29 30 31 32 33 34 35 36 37 38 39 40 41 42 43 44 45 46 47 48 49 50 51 52 53 54 55 56 57 58 59 60 61 62 63 64 65 66 67 68 69 70 71 72 73 74 75 76 77 78 79 80 81 82 83 84 85 86 87 88 89 90 91 92 93 94 95 96 97 98 99 100;

#camiones disponibles
set K:= 1 2 3;

#capacidades de camiones
param Q:=
1 10000
2 10000
3 10000
;

#demanda por tipo de leche
param D:=
8697	
3968	
2538
;

#ingreso por tipo de leche
param V:=
1.0
0.7
0.3
;

#cotas de tipo de leche
param U:=
5
10
300
;

#produccion de cada predio
param qu :=
1000 0
1	13	1	1
2	122	1	5
3	30	1	3
4	3	1	1
5	5	1	4
6	422	1	1
7	13	1	3
8	22	1	2
9	173	1	5
10	41	1	2
11	8	1	4
12	8	1	2
13	110	1	2
14	198	1	1
15	384	1	1
16	193	1	1
17	238	1	2
18	265	1	2
19	3	1	3
20	469	1	1
21	7	1	2
22	6	1	3
23	108	1	1
24	10	1	3
25	40	1	2
26	635	1	5
27	49	1	5
28	149	1	3
29	403	1	4
30	42	1	3
31	70	1	4
32	201	1	5
33	66	1	4
34	526	1	3
35	6	1	1
36	279	1	5
37	160	1	2
38	3	1	5
39	4	1	4
40	105	1	4
41	46	1	5
42	474	1	5
43	7	1	2
44	7	1	5
45	99	1	4
46	126	1	4
47	119	1	4
48	46	1	1
49	273	1	3
50	91	1	4
51	294	1	2
52	4	1	2
53	81	1	5
54	285	1	1
55	90	1	3
56	462	1	1
57	65	1	1
58	6	1	2
59	4	1	5
60	529	1	3
61	165	2	7
62	4	2	9
63	394	2	6
64	3	2	8
65	60	2	8
66	899	2	7
67	169	2	8
68	10	2	9
69	47	2	9
70	37	2	6
71	23	2	10
72	25	2	6
73	444	2	8
74	3	2	9
75	99	2	8
76	58	2	10
77	7	2	7
78	11	2	10
79	15	2	10
80	381	2	10
81	7	2	10
82	39	2	7
83	502	2	8
84	115	2	7
85	85	2	10
86	3	2	7
87	136	2	9
88	111	2	7
89	66	2	6
90	50	2	9
91	252	3	13
92	4	3	20
93	119	3	15
94	746	3	20
95	6	3	17
96	51	3	11
97	322	3	13
98	1023	3	19
99	5	3	20
100	10	3	11

;

#costos de transporte
param c[*,*]
: 1000 1 2 3 4 5 6 7 8 9 10 11 12 13 14 15 16 17 18 19 20 21 22 23 24 25 26 27 28 29 30 31 32 33 34 35 36 37 38 39 40 41 42 43 44 45 46 47 48 49 50 51 52 53 54 55 56 57 58 59 60 61 62 63 64 65 66 67 68 69 70 71 72 73 74 75 76 77 78 79 80 81 82 83 84 85 86 87 88 89 90 91 92 93 94 95 96 97 98 99 100 :=
1000 0 70 71 87 99 83 104 70 74 79 102 92 83 82 76 81 71 101 104 26 41 45 32 39 45 42 42 52 22 45 49 44 57 49 41 39 45 23 48 112 80 107 68 87 105 104 85 60 93 92 93 91 30 7 10 12 16 13 14 28 11 17 7 18 10 19 96 66 77 107 70 110 90 82 63 84 84 81 82 87 86 77 96 95 87 92 82 92 88 90 88 85 103 86 96 81 101 86 56 43 58
1 70 0 12 21 32 23 36 11 20 19 33 29 19 14 6 15 17 32 34 95 108 115 101 108 102 96 89 118 82 112 100 105 118 109 108 89 113 83 97 95 81 83 59 50 91 92 59 60 68 60 67 63 61 70 65 74 79 73 59 64 69 80 77 77 73 83 120 77 120 129 105 136 116 122 111 104 52 34 35 37 33 26 48 46 37 34 36 52 42 51 30 45 54 29 59 55 69 61 15 34 34
2 71 12 0 16 40 35 33 1 32 30 38 39 30 23 12 10 29 30 36 97 110 116 103 110 107 101 95 121 85 115 106 110 123 114 110 95 115 87 103 107 92 95 70 62 103 103 71 70 80 72 79 75 67 72 68 77 82 76 62 70 72 82 78 81 75 86 130 87 127 140 114 145 126 130 118 114 40 22 23 25 22 14 37 35 25 24 24 40 30 39 20 33 43 19 47 43 57 49 22 40 44
3 87 21 16 0 31 34 17 17 36 32 26 35 28 21 15 6 34 14 21 113 126 132 119 126 121 116 110 137 101 130 120 125 138 129 126 109 131 102 118 110 100 98 78 65 108 108 76 80 84 75 83 78 81 88 83 92 98 92 78 84 87 98 94 96 91 101 140 97 140 149 126 156 136 142 132 124 44 24 25 23 19 19 33 31 23 16 26 40 30 40 13 35 38 15 47 49 57 54 35 54 54
4 99 32 40 31 0 18 30 40 28 21 9 10 16 18 28 33 29 27 19 123 134 143 129 135 124 118 110 143 108 138 120 129 142 132 134 111 139 109 118 87 86 74 66 43 86 87 56 71 62 52 61 57 84 98 93 101 106 100 87 87 96 106 105 103 100 109 128 87 135 136 120 143 126 136 130 113 75 56 56 55 51 49 64 62 55 46 57 71 61 71 44 66 67 47 78 80 88 85 44 58 48
5 83 23 35 34 18 0 41 34 10 5 24 9 6 13 23 32 12 37 33 106 116 126 112 118 106 100 92 126 90 120 102 112 124 115 116 93 122 91 100 76 70 64 49 31 74 75 43 54 50 41 49 45 66 81 76 84 89 83 70 70 79 89 89 86 83 92 112 70 117 120 102 127 109 118 112 96 74 55 56 56 52 48 67 65 56 50 57 73 63 72 47 66 72 48 80 77 90 84 30 41 30
6 104 36 33 17 30 41 0 34 47 41 22 38 36 30 30 23 46 4 12 130 143 149 136 143 137 131 125 153 117 147 135 141 154 145 143 125 148 119 133 116 111 103 89 71 115 115 84 93 91 81 89 85 97 105 100 109 114 108 95 100 104 115 111 113 108 118 152 110 154 161 140 167 149 156 147 136 53 36 36 32 29 34 37 36 32 22 37 47 38 47 23 44 39 26 53 59 62 63 51 69 67
7 70 11 1 17 40 34 34 0 31 30 38 39 29 23 12 11 28 31 37 95 109 115 102 109 105 100 94 120 84 113 104 108 121 112 109 93 114 85 102 106 91 94 68 61 102 102 70 69 79 71 78 74 65 71 66 75 81 75 61 69 70 81 77 80 74 84 129 86 126 138 112 144 124 128 116 113 40 23 24 27 23 15 38 36 27 25 25 41 32 40 21 34 45 20 48 44 58 50 21 39 43
8 74 20 32 36 28 10 47 31 0 7 33 19 13 16 22 33 4 43 40 96 106 116 102 108 96 90 83 116 80 110 93 102 114 105 106 83 112 81 90 75 64 63 42 30 72 72 40 46 48 40 47 43 56 71 66 74 79 73 60 60 69 79 79 76 73 82 105 63 109 114 94 120 102 110 103 89 72 54 55 56 52 46 68 66 56 52 56 72 62 71 48 65 73 49 79 75 89 81 21 31 21
9 79 19 30 32 21 5 41 30 7 0 26 13 6 11 19 29 8 37 33 102 113 122 108 114 103 97 89 122 86 117 99 108 121 111 113 90 118 87 97 79 70 66 48 33 76 76 44 52 52 43 51 47 62 77 72 80 85 79 66 66 75 85 84 82 79 88 111 69 116 120 100 127 108 117 110 96 70 51 52 53 49 44 64 62 53 48 53 69 59 68 44 63 69 45 76 73 86 80 25 37 28
10 102 33 38 26 9 24 22 38 33 26 0 18 21 20 27 29 34 19 10 126 138 146 132 139 129 123 116 148 112 142 126 134 147 137 138 116 143 113 123 96 93 82 73 52 94 95 65 78 71 61 69 65 88 101 96 105 110 104 90 92 100 110 108 107 103 113 136 95 142 144 126 151 133 143 136 120 70 51 51 49 45 45 57 55 49 40 52 65 56 65 39 61 60 41 72 75 82 80 46 62 54
11 92 29 39 35 10 9 38 39 19 13 18 0 10 16 27 34 21 34 27 115 125 135 121 127 115 109 101 135 99 129 111 121 133 123 125 102 131 100 109 79 76 66 56 34 77 78 47 61 53 43 52 48 75 90 85 93 98 92 79 79 88 98 98 95 92 101 118 77 125 126 110 133 116 126 120 103 77 58 58 58 54 51 68 66 58 50 59 74 64 74 48 69 72 49 81 81 92 87 38 50 39
12 83 19 30 28 16 6 36 29 13 6 21 10 0 7 17 26 13 31 28 107 118 127 113 119 109 102 95 128 92 122 105 114 126 117 118 96 123 93 103 83 75 70 54 37 80 81 48 58 56 47 55 51 68 82 77 85 90 84 71 72 80 90 89 87 84 93 117 75 121 125 106 132 114 123 115 101 68 49 50 50 46 42 61 59 50 44 51 67 57 66 41 61 66 42 74 72 84 78 28 42 34
13 82 14 23 21 18 13 30 23 16 11 20 16 7 0 11 19 16 26 25 106 118 126 112 119 110 104 97 128 92 122 107 115 127 118 118 97 123 93 105 89 80 77 59 44 87 87 55 62 63 54 61 57 69 81 76 85 90 84 70 73 80 90 88 87 83 93 122 79 125 130 110 137 118 126 118 106 61 42 43 43 39 35 54 52 43 37 44 60 50 59 34 54 59 35 67 65 77 72 26 42 36
14 76 6 12 15 28 23 30 12 22 19 27 27 17 11 0 10 20 25 28 101 114 121 108 114 108 102 96 124 88 118 106 112 125 116 114 95 119 89 104 97 85 85 63 52 94 95 62 65 70 62 69 65 67 76 72 80 86 80 66 71 75 86 83 84 79 89 125 82 125 134 111 141 121 127 117 109 51 32 33 34 30 25 45 43 34 29 34 50 40 49 26 44 51 26 57 55 67 61 22 40 39
15 81 15 10 6 33 32 23 11 33 29 29 34 26 19 10 0 30 20 26 106 120 126 113 120 115 109 103 130 95 124 114 119 131 123 120 103 125 96 112 108 96 95 73 62 105 105 72 75 81 72 80 76 75 82 77 86 91 85 72 78 81 92 88 90 84 95 135 92 134 144 120 151 131 136 126 119 43 23 24 24 20 17 35 33 24 19 25 41 30 40 15 34 41 16 48 47 58 53 29 48 49
16 71 17 29 34 29 12 46 28 4 8 34 21 13 16 20 30 0 42 40 94 105 114 100 106 95 89 82 114 78 109 92 100 113 104 105 82 110 80 90 78 66 66 44 33 75 75 42 47 51 43 50 46 55 69 64 72 77 71 58 58 67 77 76 74 71 80 106 64 109 115 94 122 103 110 102 90 68 51 52 53 50 43 65 63 53 49 53 69 59 68 46 62 71 46 76 71 86 78 18 29 21
17 101 32 30 14 27 37 4 31 43 37 19 34 31 26 25 20 42 0 10 126 139 146 132 139 133 127 121 150 114 143 131 137 150 141 139 121 144 115 129 113 107 99 85 67 111 111 80 88 87 77 85 81 93 101 97 105 111 105 91 96 100 111 107 109 104 114 148 105 150 156 135 163 144 152 143 132 53 35 35 32 28 32 38 37 32 22 36 47 38 48 22 44 41 25 54 59 64 63 47 65 62
18 104 34 36 21 19 33 12 37 40 33 10 27 28 25 28 26 40 10 0 129 142 149 136 142 134 128 121 152 116 146 132 139 151 142 142 121 147 117 129 106 102 92 81 61 104 105 74 86 80 71 79 75 93 104 99 108 113 107 94 97 103 114 111 111 107 117 144 103 149 153 134 159 141 150 142 129 63 45 45 42 38 40 49 47 42 32 46 58 48 58 32 54 51 35 64 69 74 73 49 66 61
19 26 95 97 113 123 106 130 95 96 102 126 115 107 106 101 106 94 126 129 0 17 20 7 14 31 31 38 28 19 21 39 25 35 31 17 33 19 19 39 122 88 119 81 105 115 113 100 72 107 108 107 106 44 25 30 22 18 23 36 40 27 18 19 22 23 16 92 73 66 102 64 103 85 71 50 83 108 106 108 113 112 102 121 120 113 118 107 116 113 114 114 110 128 111 120 104 125 110 80 65 78
20 41 108 110 126 134 116 143 109 106 113 138 125 118 118 114 120 105 139 142 17 0 17 12 7 21 25 34 11 26 4 31 13 19 16 0 30 7 25 31 121 87 120 85 111 114 112 104 76 110 113 110 110 51 38 43 34 28 34 48 47 39 28 34 30 35 25 83 72 54 93 56 93 77 59 38 77 124 122 123 128 127 117 137 136 128 132 123 133 129 131 128 126 144 126 136 121 141 127 93 76 87
21 45 115 116 132 143 126 149 115 116 122 146 135 127 126 121 126 114 146 149 20 17 0 14 11 39 42 50 20 38 16 48 30 32 33 17 46 12 37 48 137 103 136 99 124 130 129 118 90 124 127 125 124 63 45 50 42 37 43 56 59 47 37 38 41 43 35 100 88 71 110 73 109 94 76 55 94 124 125 126 131 130 121 139 138 131 136 125 133 131 131 133 127 146 130 136 120 140 125 100 85 98
22 32 101 103 119 129 112 136 102 102 108 132 121 113 112 108 113 100 132 136 7 12 14 0 7 29 31 38 21 23 14 38 22 30 27 12 34 13 23 38 124 90 122 85 110 117 116 104 76 110 113 111 110 49 31 36 28 23 29 42 45 33 23 25 27 29 20 91 75 64 101 64 102 85 69 48 84 114 113 114 119 119 109 128 127 119 124 114 123 120 121 120 117 135 118 126 111 131 116 87 71 84
23 39 108 110 126 135 118 143 109 108 114 139 127 119 119 114 120 106 139 142 14 7 11 7 0 28 31 40 15 28 8 37 20 25 24 7 36 6 27 38 127 92 125 89 115 120 118 108 80 114 117 115 114 54 38 43 34 29 35 49 50 39 29 32 32 36 26 90 78 61 100 63 100 84 67 46 84 122 120 122 127 126 116 135 134 127 131 121 130 127 128 127 124 142 125 134 118 138 123 93 77 89
24 45 102 107 121 124 106 137 105 96 103 129 115 109 110 108 115 95 133 134 31 21 39 29 28 0 6 15 25 24 23 9 9 18 9 21 13 28 22 10 101 67 101 69 96 94 92 87 59 92 96 93 93 41 40 42 34 30 34 46 37 38 29 39 28 36 26 62 53 35 72 34 73 55 40 19 55 127 121 123 127 125 115 137 136 127 130 123 134 129 132 126 127 144 124 139 125 145 131 86 68 76
25 42 96 101 116 118 100 131 100 90 97 123 109 102 104 102 109 89 127 128 31 25 42 31 31 6 0 9 30 20 27 8 14 24 15 25 7 31 19 7 97 62 96 63 90 89 88 81 53 86 90 87 87 35 36 37 30 26 30 41 31 33 25 36 24 32 24 60 48 36 71 33 72 54 41 21 53 122 116 118 122 120 110 132 131 122 124 117 130 124 127 120 122 139 118 134 120 141 126 81 62 70
26 42 89 95 110 110 92 125 94 83 89 116 101 95 97 96 103 82 121 121 38 34 50 38 40 15 9 0 39 22 37 10 23 33 24 34 4 40 21 8 87 53 87 53 81 80 78 72 44 77 81 78 78 29 36 36 30 28 29 38 25 32 27 38 24 32 26 55 38 35 66 28 68 49 40 23 46 119 112 113 117 115 105 128 127 117 119 113 126 120 124 115 119 135 113 131 118 138 124 74 56 62
27 52 118 121 137 143 126 153 120 116 122 148 135 128 128 124 130 114 150 152 28 11 20 21 15 25 30 39 0 36 7 33 16 13 16 11 36 9 35 34 126 92 126 92 119 119 117 111 83 116 120 117 117 60 49 53 44 39 45 59 56 49 39 45 41 46 35 82 77 52 92 57 91 76 57 37 79 135 133 134 139 138 128 148 147 139 143 134 144 140 141 139 137 155 137 147 132 152 137 103 86 96
28 22 82 85 101 108 90 117 84 80 86 112 99 92 92 88 95 78 114 116 19 26 38 23 28 24 20 22 36 0 30 28 24 37 29 26 18 32 1 26 103 69 100 62 87 95 94 81 53 87 89 88 87 25 16 18 10 6 10 23 22 14 5 16 4 12 4 77 54 56 88 50 90 71 61 41 67 103 99 100 105 103 93 114 113 105 108 100 111 106 109 104 104 122 102 115 101 122 107 67 50 61
29 45 112 115 130 138 120 147 113 110 117 142 129 122 122 118 124 109 143 146 21 4 16 14 8 23 27 37 7 30 0 33 14 17 17 4 33 4 29 33 124 90 123 89 115 117 115 107 79 113 116 114 113 55 43 47 38 33 39 52 51 43 32 38 35 40 29 84 75 54 93 57 93 78 60 39 79 128 126 127 132 131 121 141 140 132 136 127 137 133 134 132 130 148 130 140 125 145 130 97 80 91
30 49 100 106 120 120 102 135 104 93 99 126 111 105 107 106 114 92 131 132 39 31 48 38 37 9 8 10 33 28 33 0 18 25 17 31 11 37 27 2 93 59 93 62 90 85 84 80 53 85 89 85 86 39 43 44 37 34 37 47 36 40 33 44 31 40 31 53 45 28 63 25 64 47 33 13 46 129 122 123 127 125 115 138 136 127 129 123 136 129 134 125 128 145 123 140 127 147 133 85 66 72
31 44 105 110 125 129 112 141 108 102 108 134 121 114 115 112 119 100 137 139 25 13 30 22 20 9 14 23 16 24 14 18 0 13 5 13 20 18 23 19 110 76 110 76 104 103 101 95 67 100 104 101 101 46 40 43 34 29 34 48 42 39 28 37 29 36 25 70 62 42 80 43 80 64 47 26 65 127 123 124 129 128 118 139 138 129 132 124 135 130 133 128 128 146 126 139 125 145 130 90 72 82
32 57 118 123 138 142 124 154 121 114 121 147 133 126 127 125 131 113 150 151 35 19 32 30 25 18 24 33 13 37 17 25 13 0 9 19 31 21 36 26 117 83 118 86 114 110 108 105 77 109 114 110 110 58 52 56 47 42 47 61 54 52 41 50 42 49 38 70 70 39 79 45 78 65 45 25 68 140 136 137 142 141 131 152 151 142 145 137 148 143 146 141 141 159 139 152 137 158 143 103 85 94
33 49 109 114 129 132 115 145 112 105 111 137 123 117 118 116 123 104 141 142 31 16 33 27 24 9 15 24 16 29 17 17 5 9 0 16 22 21 28 18 110 76 110 78 105 102 101 96 68 101 105 102 102 49 45 48 39 34 39 52 45 43 33 42 33 41 30 67 62 38 76 40 76 61 43 22 62 132 128 129 134 132 122 144 142 134 137 129 140 135 138 133 133 151 131 144 130 150 136 94 76 84
34 41 108 110 126 134 116 143 109 106 113 138 125 118 118 114 120 105 139 142 17 0 17 12 7 21 25 34 11 26 4 31 13 19 16 0 30 7 25 31 121 87 120 85 111 114 112 104 76 110 113 110 110 51 38 43 34 28 34 48 47 39 28 34 30 35 25 83 72 54 93 56 93 77 59 38 77 124 122 123 128 127 117 137 136 128 132 123 133 129 131 128 126 144 126 136 121 141 127 93 76 87
35 39 89 95 109 111 93 125 93 83 90 116 102 96 97 95 103 82 121 121 33 30 46 34 36 13 7 4 36 18 33 11 20 31 22 30 0 37 17 9 91 57 90 56 83 84 82 75 47 80 84 81 81 28 32 33 27 24 26 36 25 29 23 34 20 29 22 59 42 39 70 32 72 53 43 25 50 117 110 112 116 114 104 127 125 116 118 112 124 118 122 114 117 134 112 129 115 136 122 74 55 63
36 45 113 115 131 139 122 148 114 112 118 143 131 123 123 119 125 110 144 147 19 7 12 13 6 28 31 40 9 32 4 37 18 21 21 7 37 0 31 37 128 93 127 92 118 121 119 110 82 116 119 117 116 57 43 48 39 34 40 53 53 44 33 38 36 40 30 88 79 59 98 62 98 82 64 43 83 127 126 127 132 131 121 141 140 132 137 127 136 132 134 133 130 148 130 139 124 144 129 98 81 93
37 23 83 87 102 109 91 119 85 81 87 113 100 93 93 89 96 80 115 117 19 25 37 23 27 22 19 21 35 1 29 27 23 36 28 25 17 31 0 25 103 69 100 63 87 96 94 81 53 88 90 88 87 26 17 20 11 7 11 25 22 16 6 17 6 14 5 76 54 55 87 49 89 70 60 40 66 105 100 101 106 105 95 116 115 106 109 101 112 107 110 105 105 123 103 117 102 123 108 68 51 62
38 48 97 103 118 118 100 133 102 90 97 123 109 103 105 104 112 90 129 129 39 31 48 38 38 10 7 8 34 26 33 2 19 26 18 31 9 37 25 0 91 57 92 60 88 84 82 78 51 83 87 84 84 37 41 42 36 33 35 45 33 38 32 43 29 38 30 53 43 30 64 26 65 47 34 15 46 127 120 121 125 123 113 136 134 125 127 121 134 127 132 123 126 143 121 138 125 145 131 82 64 70
39 112 95 107 110 87 76 116 106 75 79 96 79 83 89 97 108 78 113 106 122 121 137 124 127 101 97 87 126 103 124 93 110 117 110 121 91 128 103 91 0 34 13 46 46 7 9 36 53 27 36 28 32 82 106 102 104 106 103 99 85 102 105 113 101 105 107 62 49 87 64 74 72 64 85 93 53 146 129 130 131 127 121 143 141 131 126 131 147 137 146 123 140 148 124 154 148 164 155 90 82 67
40 80 81 92 100 86 70 111 91 64 70 93 76 75 80 85 96 66 107 102 88 87 103 90 92 67 62 53 92 69 90 59 76 83 76 87 57 93 69 57 34 0 35 22 44 27 26 31 24 30 38 31 33 50 74 70 71 72 70 68 52 69 72 80 67 72 73 43 15 58 50 43 57 41 57 61 28 128 114 115 117 114 106 129 127 117 115 116 131 122 130 111 124 135 110 138 129 147 136 71 58 48
41 107 83 95 98 74 64 103 94 63 66 82 66 70 77 85 95 66 99 92 119 120 136 122 125 101 96 87 126 100 123 93 110 118 110 120 90 127 100 92 13 35 0 39 33 14 16 25 47 16 23 16 20 77 101 97 100 102 98 93 80 97 102 108 98 100 104 70 48 92 74 77 82 71 90 96 59 134 117 118 119 115 109 130 128 119 114 119 135 125 134 110 128 136 111 142 137 152 144 79 73 58
42 68 59 70 78 66 49 89 68 42 48 73 56 54 59 63 73 44 85 81 81 85 99 85 89 69 63 53 92 62 89 62 76 86 78 85 56 92 63 60 46 22 39 0 28 40 39 19 9 25 28 26 25 38 62 58 61 64 60 54 42 58 64 70 60 62 66 63 22 71 72 55 78 60 71 69 47 106 91 92 95 91 83 107 105 95 92 93 109 100 107 88 101 113 88 116 107 125 114 49 37 26
43 87 50 62 65 43 31 71 61 30 33 52 34 37 44 52 62 33 67 61 105 111 124 110 115 96 90 81 119 87 115 90 104 114 105 111 83 118 87 88 46 44 33 28 0 43 44 13 37 19 10 18 14 61 83 78 84 88 82 73 65 80 87 91 83 84 90 87 49 99 94 83 101 85 98 97 72 102 84 85 86 82 76 97 95 86 81 86 102 92 101 77 95 103 78 109 105 119 111 48 47 30
44 105 91 103 108 86 74 115 102 72 76 94 77 80 87 94 105 75 111 104 115 114 130 117 120 94 89 80 119 95 117 85 103 110 102 114 84 121 96 84 7 27 14 40 43 0 2 32 46 24 34 25 29 75 99 95 97 99 96 92 78 95 98 106 94 98 100 57 42 81 60 67 67 58 78 86 47 142 125 126 128 124 117 139 137 128 123 127 143 134 142 120 136 145 120 150 144 160 151 85 77 63
45 104 92 103 108 87 75 115 102 72 76 95 78 81 87 95 105 75 111 105 113 112 129 116 118 92 88 78 117 94 115 84 101 108 101 112 82 119 94 82 9 26 16 39 44 2 0 33 45 25 34 26 30 74 98 94 96 98 94 91 76 94 97 105 93 97 98 55 40 79 58 65 66 56 76 84 45 142 126 127 128 124 118 140 138 128 124 128 144 134 142 120 136 146 121 150 144 160 151 85 76 62
46 85 59 71 76 56 43 84 70 40 44 65 47 48 55 62 72 42 80 74 100 104 118 104 108 87 81 72 111 81 107 80 95 105 96 104 75 110 81 78 36 31 25 19 13 32 33 0 28 9 9 9 6 56 79 75 79 82 78 70 60 75 82 87 78 79 84 73 37 87 80 71 87 72 86 86 59 110 93 94 96 92 85 107 105 96 91 95 111 101 110 88 104 113 88 118 112 128 119 54 48 32
47 60 60 70 80 71 54 93 69 46 52 78 61 58 62 65 75 47 88 86 72 76 90 76 80 59 53 44 83 53 79 53 67 77 68 76 47 82 53 51 53 24 47 9 37 46 45 28 0 34 37 35 34 30 54 50 52 55 51 46 33 49 55 61 50 53 57 60 17 64 69 48 75 56 65 60 44 105 91 92 95 92 83 107 105 95 94 93 108 100 107 90 101 114 89 115 106 124 113 48 34 27
48 93 68 80 84 62 50 91 79 48 52 71 53 56 63 70 81 51 87 80 107 110 124 110 114 92 86 77 116 87 113 85 100 109 101 110 80 116 88 83 27 30 16 25 19 24 25 9 34 0 10 1 5 64 87 83 87 90 85 78 67 83 89 95 85 87 91 71 40 88 77 72 84 70 87 89 58 119 102 103 104 100 94 116 114 104 99 104 120 110 119 96 113 121 97 127 122 137 128 63 58 42
49 92 60 72 75 52 41 81 71 40 43 61 43 47 54 62 72 43 77 71 108 113 127 113 117 96 90 81 120 89 116 89 104 114 105 113 84 119 90 87 36 38 23 28 10 34 34 9 37 10 0 9 5 64 87 83 87 91 86 78 68 84 90 95 86 87 93 80 46 95 86 79 94 79 94 95 66 112 94 95 96 92 86 107 105 96 91 96 112 102 111 87 105 113 88 119 114 129 121 57 54 37
50 93 67 79 83 61 49 89 78 47 51 69 52 55 61 69 80 50 85 79 107 110 125 111 115 93 87 78 117 88 114 85 101 110 102 110 81 117 88 84 28 31 16 26 18 25 26 9 35 1 9 0 4 64 87 83 87 90 85 79 67 83 89 95 85 87 91 72 41 89 78 73 86 72 88 90 59 118 101 102 103 99 93 115 113 103 98 103 119 109 118 95 112 120 96 126 121 136 128 62 57 41
51 91 63 75 78 57 45 85 74 43 47 65 48 51 57 65 76 46 81 75 106 110 124 110 114 93 87 78 117 87 113 86 101 110 102 110 81 116 87 84 32 33 20 25 14 29 30 6 34 5 5 4 0 62 86 81 85 89 84 77 66 82 88 93 84 86 90 75 42 91 81 75 89 74 90 91 61 114 97 98 99 95 89 111 109 99 94 99 115 105 114 91 108 116 91 122 117 132 124 59 54 38
52 30 61 67 81 84 66 97 65 56 62 88 75 68 69 67 75 55 93 93 44 51 63 49 54 41 35 29 60 25 55 39 46 58 49 51 28 57 26 37 82 50 77 38 61 75 74 56 30 64 64 64 62 0 24 20 23 26 22 18 4 20 26 31 22 23 28 72 37 62 83 50 87 66 65 51 58 93 84 85 89 87 77 100 99 89 91 85 99 92 97 86 91 107 85 104 92 112 98 46 27 36
53 7 70 72 88 98 81 105 71 71 77 101 90 82 81 76 82 69 101 104 25 38 45 31 38 40 36 36 49 16 43 43 40 52 45 38 32 43 17 41 106 74 101 62 83 99 98 79 54 87 87 87 86 24 0 5 6 11 6 11 22 4 11 8 12 4 14 89 59 71 100 63 103 83 75 56 77 88 84 85 90 89 79 99 98 90 94 85 96 91 93 90 89 106 88 100 85 106 91 55 40 55
54 10 65 68 83 93 76 100 66 66 72 96 85 77 76 72 77 64 97 99 30 43 50 36 43 42 37 36 53 18 47 44 43 56 48 43 33 48 20 42 102 70 97 58 78 95 94 75 50 83 83 83 81 20 5 0 9 14 9 6 18 4 15 13 14 7 18 88 56 72 99 63 102 82 76 58 75 85 80 82 86 85 75 96 95 86 90 81 93 87 91 86 86 103 84 97 83 103 89 50 35 50
55 12 74 77 92 101 84 109 75 74 80 105 93 85 85 80 86 72 105 108 22 34 42 28 34 34 30 30 44 10 38 37 34 47 39 34 27 39 11 36 104 71 100 61 84 97 96 79 52 87 87 87 85 23 6 9 0 5 1 15 20 5 6 9 6 2 9 84 57 65 95 58 98 78 70 51 73 93 89 90 95 94 84 105 104 95 99 90 101 96 99 95 94 112 93 105 91 112 97 59 43 56
56 16 79 82 98 106 89 114 81 79 85 110 98 90 90 86 91 77 111 113 18 28 37 23 29 30 26 28 39 6 33 34 29 42 34 28 24 34 7 33 106 72 102 64 88 99 98 82 55 90 91 90 89 26 11 14 5 0 6 20 23 10 1 10 5 7 4 83 58 62 94 56 96 77 67 47 72 98 94 96 100 99 89 110 109 100 104 95 106 101 104 100 99 117 98 110 96 116 102 64 48 61
57 13 73 76 92 100 83 108 75 73 79 104 92 84 84 80 85 71 105 107 23 34 43 29 35 34 30 29 45 10 39 37 34 47 39 34 26 40 11 35 103 70 98 60 82 96 94 78 51 85 86 85 84 22 6 9 1 6 0 14 18 4 6 10 6 3 9 83 55 65 94 57 97 77 69 50 72 93 89 90 95 93 84 105 103 95 98 90 101 96 99 94 94 112 92 105 91 112 97 58 42 55
58 14 59 62 78 87 70 95 61 60 66 90 79 71 70 66 72 58 91 94 36 48 56 42 49 46 41 38 59 23 52 47 48 61 52 48 36 53 25 45 99 68 93 54 73 92 91 70 46 78 78 79 77 18 11 6 15 20 14 0 17 9 20 18 19 13 23 88 54 74 99 64 103 82 78 61 75 81 75 77 81 80 70 91 90 81 85 77 88 83 86 81 81 98 79 93 79 100 86 45 29 44
59 28 64 70 84 87 70 100 69 60 66 92 79 72 73 71 78 58 96 97 40 47 59 45 50 37 31 25 56 22 51 36 42 54 45 47 25 53 22 33 85 52 80 42 65 78 76 60 33 67 68 67 66 4 22 18 20 23 18 17 0 17 22 28 18 21 25 71 38 59 82 48 86 66 63 48 58 95 86 88 92 90 80 103 101 92 94 88 101 94 99 89 94 110 88 106 93 114 100 49 31 40
60 11 69 72 87 96 79 104 70 69 75 100 88 80 80 75 81 67 100 103 27 39 47 33 39 38 33 32 49 14 43 40 39 52 43 39 29 44 16 38 102 69 97 58 80 95 94 75 49 83 84 83 82 20 4 4 5 10 4 9 17 0 11 11 10 4 14 85 55 68 96 59 99 79 72 54 73 89 84 86 90 89 79 100 99 90 94 86 97 92 95 90 90 107 88 101 87 108 93 54 38 52
61 17 80 82 98 106 89 115 81 79 85 110 98 90 90 86 92 77 111 114 18 28 37 23 29 29 25 27 39 5 32 33 28 41 33 28 23 33 6 32 105 72 102 64 87 98 97 82 55 89 90 89 88 26 11 15 6 1 6 20 22 11 0 11 4 8 3 82 57 61 93 55 95 76 66 46 71 99 95 96 101 100 90 111 109 101 105 96 107 102 105 101 100 118 98 111 96 117 102 65 48 61
62 7 77 78 94 105 89 111 77 79 84 108 98 89 88 83 88 76 107 111 19 34 38 25 32 39 36 38 45 16 38 44 37 50 42 34 34 38 17 43 113 80 108 70 91 106 105 87 61 95 95 95 93 31 8 13 9 10 10 18 28 11 11 0 14 8 13 93 66 72 104 66 106 86 77 57 81 91 88 90 94 93 84 103 102 94 99 89 99 95 97 95 92 110 93 103 88 108 93 62 48 62
63 18 77 81 96 103 86 113 80 76 82 107 95 87 87 84 90 74 109 111 22 30 41 27 32 28 24 24 41 4 35 31 29 42 33 30 20 36 6 29 101 67 98 60 83 94 93 78 50 85 86 85 84 22 12 14 6 5 6 19 18 10 4 14 0 9 6 79 53 59 89 52 92 72 63 44 67 99 94 96 100 99 89 110 109 100 104 95 107 102 105 99 100 117 97 111 97 117 103 62 45 57
64 10 73 75 91 100 83 108 74 73 79 103 92 84 83 79 84 71 104 107 23 35 43 29 36 36 32 32 46 12 40 40 36 49 41 35 29 40 14 38 105 72 100 62 84 98 97 79 53 87 87 87 86 23 4 7 2 7 3 13 21 4 8 8 9 0 11 86 58 67 97 60 100 80 72 53 75 91 87 88 93 92 82 103 102 93 97 88 99 94 97 93 92 110 91 103 89 109 95 58 42 56
65 19 83 86 101 109 92 118 84 82 88 113 101 93 93 89 95 80 114 117 16 25 35 20 26 26 24 26 35 4 29 31 25 38 30 25 22 30 5 30 107 73 104 66 90 100 98 84 57 91 93 91 90 28 14 18 9 4 9 23 25 14 3 13 6 11 0 81 58 60 92 54 94 75 64 44 71 102 98 99 104 103 93 114 112 104 108 99 110 105 108 104 103 121 102 114 99 120 105 68 51 64
66 96 120 130 140 128 112 152 129 105 111 136 118 117 122 125 135 106 148 144 92 83 100 91 90 62 60 55 82 77 84 53 70 70 67 83 59 88 76 53 62 43 70 63 87 57 55 73 60 71 80 72 75 72 89 88 84 83 83 88 71 85 82 93 79 86 81 0 43 32 11 28 16 6 27 45 16 162 150 152 155 152 143 166 165 155 153 152 167 159 165 149 159 173 149 173 162 182 169 108 91 87
67 66 77 87 97 87 70 110 86 63 69 95 77 75 79 82 92 64 105 103 73 72 88 75 78 53 48 38 77 54 75 45 62 70 62 72 42 79 54 43 49 15 48 22 49 42 40 37 17 40 46 41 42 37 59 56 57 58 55 54 38 55 57 66 53 58 58 43 0 49 52 34 58 39 49 49 27 121 108 109 112 109 100 124 122 112 111 110 125 116 123 107 117 131 106 131 121 140 128 65 50 44
68 77 120 127 140 135 117 154 126 109 116 142 125 121 125 125 134 109 150 149 66 54 71 64 61 35 36 35 52 56 54 28 42 39 38 54 39 59 55 30 87 58 92 71 99 81 79 87 64 88 95 89 91 62 71 72 65 62 65 74 59 68 61 72 59 67 60 32 49 0 40 16 39 27 5 16 34 154 145 147 151 148 138 162 160 151 151 147 160 153 158 147 153 169 146 166 153 173 159 105 87 88
69 107 129 140 149 136 120 161 138 114 120 144 126 125 130 134 144 115 156 153 102 93 110 101 100 72 71 66 92 88 93 63 80 79 76 93 70 98 87 64 64 50 74 72 94 60 58 80 69 77 86 78 81 83 100 99 95 94 94 99 82 96 93 104 89 97 92 11 52 40 0 38 8 17 35 55 26 173 160 162 165 161 153 176 174 165 163 162 177 169 175 159 170 183 158 183 173 192 180 118 102 96
70 70 105 114 126 120 102 140 112 94 100 126 110 106 110 111 120 94 135 134 64 56 73 64 63 34 33 28 57 50 57 25 43 45 40 56 32 62 49 26 74 43 77 55 83 67 65 71 48 72 79 73 75 50 63 63 58 56 57 64 48 59 55 66 52 60 54 28 34 16 38 0 40 21 16 20 22 142 132 134 137 135 125 149 147 137 138 134 148 141 146 133 140 156 132 154 141 161 148 91 73 73
71 110 136 145 156 143 127 167 144 120 127 151 133 132 137 141 151 122 163 159 103 93 109 102 100 73 72 68 91 90 93 64 80 78 76 93 72 98 89 65 72 57 82 78 101 67 66 87 75 84 94 86 89 87 103 102 98 96 97 103 86 99 95 106 92 100 94 16 58 39 8 40 0 21 34 54 31 178 166 167 170 167 158 182 180 170 169 168 183 174 181 165 175 189 164 189 178 197 185 123 107 102
72 90 116 126 136 126 109 149 124 102 108 133 116 114 118 121 131 103 144 141 85 77 94 85 84 55 54 49 76 71 78 47 64 65 61 77 53 82 70 47 64 41 71 60 85 58 56 72 56 70 79 72 74 66 83 82 78 77 77 82 66 79 76 86 72 80 75 6 39 27 17 21 21 0 22 39 13 157 146 147 150 147 138 162 160 150 149 148 162 154 161 145 155 169 145 168 157 177 164 104 87 83
73 82 122 130 142 136 118 156 128 110 117 143 126 123 126 127 136 110 152 150 71 59 76 69 67 40 41 40 57 61 60 33 47 45 43 59 43 64 60 34 85 57 90 71 98 78 76 86 65 87 94 88 90 65 75 76 70 67 69 78 63 72 66 77 63 72 64 27 49 5 35 16 34 22 0 21 31 157 148 149 153 151 141 164 163 153 154 150 163 156 161 149 156 171 148 169 156 176 163 108 89 90
74 63 111 118 132 130 112 147 116 103 110 136 120 115 118 117 126 102 143 142 50 38 55 48 46 19 21 23 37 41 39 13 26 25 22 38 25 43 40 15 93 61 96 69 97 86 84 86 60 89 95 90 91 51 56 58 51 47 50 61 48 54 46 57 44 53 44 45 49 16 55 20 54 39 21 0 42 142 134 136 140 138 128 151 149 140 142 136 149 142 147 137 141 158 136 154 140 161 146 96 78 82
75 84 104 114 124 113 96 136 113 89 96 120 103 101 106 109 119 90 132 129 83 77 94 84 84 55 53 46 79 67 79 46 65 68 62 77 50 83 66 46 53 28 59 47 72 47 45 59 44 58 66 59 61 58 77 75 73 72 72 75 58 73 71 81 67 75 71 16 27 34 26 22 31 13 31 42 0 147 135 136 139 136 127 151 149 139 138 136 152 143 150 134 144 157 133 158 147 166 154 92 76 71
76 84 52 40 44 75 74 53 40 72 70 70 77 68 61 51 43 68 53 63 108 124 124 114 122 127 122 119 135 103 128 129 127 140 132 124 117 127 105 127 146 128 134 106 102 142 142 110 105 119 112 118 114 93 88 85 93 98 93 81 95 89 99 91 99 91 102 162 121 154 173 142 178 157 157 142 147 0 19 19 21 25 26 19 20 21 31 17 10 15 8 31 9 24 29 12 6 19 10 57 71 81
77 81 34 22 24 56 55 36 23 54 51 51 58 49 42 32 23 51 35 45 106 122 125 113 120 121 116 112 133 99 126 122 123 136 128 122 110 126 100 120 129 114 117 91 84 125 126 93 91 102 94 101 97 84 84 80 89 94 89 75 86 84 95 88 94 87 98 150 108 145 160 132 166 146 148 134 135 19 0 1 6 7 8 16 15 6 15 2 18 9 17 13 11 23 10 25 24 35 30 43 59 66
78 82 35 23 25 56 56 36 24 55 52 51 58 50 43 33 24 52 35 45 108 123 126 114 122 123 118 113 134 100 127 123 124 137 129 123 112 127 101 121 130 115 118 92 85 126 127 94 92 103 95 102 98 85 85 82 90 96 90 77 88 86 96 90 96 88 99 152 109 147 162 134 167 147 149 136 136 19 1 0 5 7 9 15 13 5 14 1 17 7 16 13 10 22 10 24 24 34 29 44 61 67
79 87 37 25 23 55 56 32 27 56 53 49 58 50 43 34 24 53 32 42 113 128 131 119 127 127 122 117 139 105 132 127 129 142 134 128 116 132 106 125 131 117 119 95 86 128 128 96 95 104 96 103 99 89 90 86 95 100 95 81 92 90 101 94 100 93 104 155 112 151 165 137 170 150 153 140 139 21 6 5 0 4 12 12 10 0 10 6 17 7 17 10 12 18 8 24 27 34 31 47 64 69
80 86 33 22 19 51 52 29 23 52 49 45 54 46 39 30 20 50 28 38 112 127 130 119 126 125 120 115 138 103 131 125 128 141 132 127 114 131 105 123 127 114 115 91 82 124 124 92 92 100 92 99 95 87 89 85 94 99 93 80 90 89 100 93 99 92 103 152 109 148 161 135 167 147 151 138 136 25 7 7 4 0 10 15 13 4 7 8 21 11 21 6 16 22 4 28 30 38 35 44 61 66
81 77 26 14 19 49 48 34 15 46 44 45 51 42 35 25 17 43 32 40 102 117 121 109 116 115 110 105 128 93 121 115 118 131 122 117 104 121 95 113 121 106 109 83 76 117 118 85 83 94 86 93 89 77 79 75 84 89 84 70 80 79 90 84 89 82 93 143 100 138 153 125 158 138 141 128 127 26 8 9 12 10 0 24 22 12 16 10 26 16 25 12 19 31 9 33 30 43 36 35 52 58
82 96 48 37 33 64 67 37 38 68 64 57 68 61 54 45 35 65 38 49 121 137 139 128 135 137 132 128 148 114 141 138 139 152 144 137 127 141 116 136 143 129 130 107 97 139 140 107 107 116 107 115 111 100 99 96 105 110 105 91 103 100 111 103 110 103 114 166 124 162 176 149 182 162 164 151 151 19 16 15 12 15 24 0 2 12 17 15 10 9 12 20 12 7 19 16 26 25 27 59 75 81
83 95 46 35 31 62 65 36 36 66 62 55 66 59 52 43 33 63 37 47 120 136 138 127 134 136 131 127 147 113 140 136 138 151 142 136 125 140 115 134 141 127 128 105 95 137 138 105 105 114 105 113 109 99 98 95 104 109 103 90 101 99 109 102 109 102 112 165 122 160 174 147 180 160 163 149 149 20 15 13 10 13 22 2 0 10 16 13 11 8 13 18 12 9 17 17 26 27 28 57 74 79
84 87 37 25 23 55 56 32 27 56 53 49 58 50 43 34 24 53 32 42 113 128 131 119 127 127 122 117 139 105 132 127 129 142 134 128 116 132 106 125 131 117 119 95 86 128 128 96 95 104 96 103 99 89 90 86 95 100 95 81 92 90 101 94 100 93 104 155 112 151 165 137 170 150 153 140 139 21 6 5 0 4 12 12 10 0 10 6 17 7 17 10 12 18 8 24 27 34 31 47 64 69
85 92 34 24 16 46 50 22 25 52 48 40 50 44 37 29 19 49 22 32 118 132 136 124 131 130 124 119 143 108 136 129 132 145 137 132 118 137 109 127 126 115 114 92 81 123 124 91 94 99 91 98 94 91 94 90 99 104 98 85 94 94 105 99 104 97 108 153 111 151 163 138 169 149 154 142 138 31 15 14 10 7 16 17 16 10 0 15 26 16 26 4 22 22 6 32 37 42 41 46 64 67
86 82 36 24 26 57 57 37 25 56 53 52 59 51 44 34 25 53 36 46 107 123 125 114 121 123 117 113 134 100 127 123 124 137 129 123 112 127 101 121 131 116 119 93 86 127 128 95 93 104 96 103 99 85 85 81 90 95 90 77 88 86 96 89 95 88 99 152 110 147 162 134 168 148 150 136 136 17 2 1 6 8 10 15 13 6 15 0 16 7 15 14 9 22 11 23 23 33 28 45 61 67
87 92 52 40 40 71 73 47 41 72 69 65 74 67 60 50 41 69 47 58 116 133 133 123 130 134 130 126 144 111 137 136 135 148 140 133 124 136 112 134 147 131 135 109 102 143 144 111 108 120 112 119 115 99 96 93 101 106 101 88 101 97 107 99 107 99 110 167 125 160 177 148 183 162 163 149 152 10 18 17 17 21 26 10 11 17 26 16 0 10 2 27 8 14 25 7 16 17 17 60 76 83
88 88 42 30 30 61 63 38 32 62 59 56 64 57 50 40 30 59 38 48 113 129 131 120 127 129 124 120 140 106 133 129 130 143 135 129 118 132 107 127 137 122 125 100 92 134 134 101 100 110 102 109 105 92 91 87 96 101 96 83 94 92 102 95 102 94 105 159 116 153 169 141 174 154 156 142 143 15 9 7 7 11 16 9 8 7 16 7 10 0 10 17 6 16 15 17 21 27 25 51 68 74
89 90 51 39 40 71 72 47 40 71 68 65 74 66 59 49 40 68 48 58 114 131 131 121 128 132 127 124 141 109 134 134 133 146 138 131 122 134 110 132 146 130 134 107 101 142 142 110 107 119 111 118 114 97 93 91 99 104 99 86 99 95 105 97 105 97 108 165 123 158 175 146 181 161 161 147 150 8 17 16 17 21 25 12 13 17 26 15 2 10 0 27 6 16 25 8 14 18 16 59 74 82
90 88 30 20 13 44 47 23 21 48 44 39 48 41 34 26 15 46 22 32 114 128 133 120 127 126 120 115 139 104 132 125 128 141 133 128 114 133 105 123 123 111 110 88 77 120 120 88 90 96 87 95 91 86 90 86 95 100 94 81 89 90 101 95 99 93 104 149 107 147 159 133 165 145 149 137 134 31 13 13 10 6 12 20 18 10 4 14 27 17 27 0 22 25 3 34 37 44 41 42 60 63
91 85 45 33 35 66 66 44 34 65 63 61 69 61 54 44 34 62 44 54 110 126 127 117 124 127 122 119 137 104 130 128 128 141 133 126 117 130 105 126 140 124 128 101 95 136 136 104 101 113 105 112 108 91 89 86 94 99 94 81 94 90 100 92 100 92 103 159 117 153 170 140 175 155 156 141 144 9 11 10 12 16 19 12 12 12 22 9 8 6 6 22 0 18 20 14 15 24 19 53 68 76
92 103 54 43 38 67 72 39 45 73 69 60 72 66 59 51 41 71 41 51 128 144 146 135 142 144 139 135 155 122 148 145 146 159 151 144 134 148 123 143 148 135 136 113 103 145 146 113 114 121 113 120 116 107 106 103 112 117 112 98 110 107 118 110 117 110 121 173 131 169 183 156 189 169 171 158 157 24 23 22 18 22 31 7 9 18 22 22 14 16 16 25 18 0 25 17 30 24 30 65 82 87
93 86 29 19 15 47 48 26 20 49 45 41 49 42 35 26 16 46 25 35 111 126 130 118 125 124 118 113 137 102 130 123 126 139 131 126 112 130 103 121 124 110 111 88 78 120 121 88 89 97 88 96 91 85 88 84 93 98 92 79 88 88 98 93 97 91 102 149 106 146 158 132 164 145 148 136 133 29 10 10 8 4 9 19 17 8 6 11 25 15 25 3 20 25 0 32 34 42 39 41 59 63
94 96 59 47 47 78 80 53 48 79 76 72 81 74 67 57 48 76 54 64 120 136 136 126 134 139 134 131 147 115 140 140 139 152 144 136 129 139 117 138 154 138 142 116 109 150 150 118 115 127 119 126 122 104 100 97 105 110 105 93 106 101 111 103 111 103 114 173 131 166 183 154 189 168 169 154 158 12 25 24 24 28 33 16 17 24 32 23 7 17 8 34 14 17 32 0 16 10 14 67 82 90
95 81 55 43 49 80 77 59 44 75 73 75 81 72 65 55 47 71 59 69 104 121 120 111 118 125 120 118 132 101 125 127 125 137 130 121 115 124 102 125 148 129 137 107 105 144 144 112 106 122 114 121 117 92 85 83 91 96 91 79 93 87 96 88 97 89 99 162 121 153 173 141 178 157 156 140 147 6 24 24 27 30 30 26 26 27 37 23 16 21 14 37 15 30 34 16 0 21 7 59 72 82
96 101 69 57 57 88 90 62 58 89 86 82 92 84 77 67 58 86 64 74 125 141 140 131 138 145 141 138 152 122 145 147 145 158 150 141 136 144 123 145 164 147 152 125 119 160 160 128 124 137 129 136 132 112 106 103 112 116 112 100 114 108 117 108 117 109 120 182 140 173 192 161 197 177 176 161 166 19 35 34 34 38 43 25 27 34 42 33 17 27 18 44 24 24 42 10 21 0 15 76 90 99
97 86 61 49 54 85 84 63 50 81 80 80 87 78 72 61 53 78 63 73 110 127 125 116 123 131 126 124 137 107 130 133 130 143 136 127 122 129 108 131 155 136 144 114 111 151 151 119 113 128 121 128 124 98 91 89 97 102 97 86 100 93 102 93 103 95 105 169 128 159 180 148 185 164 163 146 154 10 30 29 31 35 36 27 28 31 41 28 17 25 16 41 19 30 39 14 7 15 0 66 79 89
98 56 15 22 35 44 30 51 21 21 25 46 38 28 26 22 29 18 47 49 80 93 100 87 93 86 81 74 103 67 97 85 90 103 94 93 74 98 68 82 90 71 79 49 48 85 85 54 48 63 57 62 59 46 55 50 59 64 58 45 49 54 65 62 62 58 68 108 65 105 118 91 123 104 108 96 92 57 43 44 47 44 35 59 57 47 46 45 60 51 59 42 53 65 41 67 59 76 66 0 19 23
99 43 34 40 54 58 41 69 39 31 37 62 50 42 42 40 48 29 65 66 65 76 85 71 77 68 62 56 86 50 80 66 72 85 76 76 55 81 51 64 82 58 73 37 47 77 76 48 34 58 54 57 54 27 40 35 43 48 42 29 31 38 48 48 45 42 51 91 50 87 102 73 107 87 89 78 76 71 59 61 64 61 52 75 74 64 64 61 76 68 74 60 68 82 59 82 72 90 79 19 0 17
100 58 34 44 54 48 30 67 43 21 28 54 39 34 36 39 49 21 62 61 78 87 98 84 89 76 70 62 96 61 91 72 82 94 84 87 63 93 62 70 67 48 58 26 30 63 62 32 27 42 37 41 38 36 55 50 56 61 55 44 40 52 61 62 57 56 64 87 44 88 96 73 102 83 90 82 71 81 66 67 69 66 58 81 79 69 67 67 83 74 82 63 76 87 63 90 82 99 89 23 17 0
;