#nodos de la red - 1000 es el nodo origen
set Nodos:= 1000 1 2 3 4 5 6 7 8 9 10 11 12 13 14 15 16 17 18 19 20 21 22 23 24 25 26 27 28 29 30 31 32;

#predios productores
set I:= 1 2 3 4 5 6 7 8 9 10 11 12 13 14 15 16 17 18 19 20 21 22 23 24 25 26 27 28 29 30 31 32;

#camiones disponibles
set K:= 1 2 3;

#capacidades de camiones
param Q:=
1 20000
2 20000
3 15000
;

#demanda por tipo de leche
param D:=
13120	
10950	
5300

;

#ingreso por tipo de leche
param V:=
1.0
0.7
0.3
;

#cotas de tipo de leche
param U:=
5
10
300
;

#produccion de cada predio
param qu :=
1000 0
1	700	1	3
2	400	1	2
3	400	1	1
4	1200	1	2
5	40	1	3
6	80	1	5
7	2000	1	1
8	900	1	4
9	600	1	5
10	750	1	1
11	1500	1	4
12	150	1	1
13	250	1	5
14	1600	1	3
15	450	1	3
16	700	1	5
17	550	1	1
18	650	1	3
19	200	1	5
20	400	2	9
21	300	2	9
22	1300	2	7
23	700	2	6
24	750	2	10
25	1400	2	10
26	4000	2	8
27	600	2	6
28	1000	2	8
29	500	2	8
30	2500	3	17
31	1700	3	19
32	1100	3	18

;

#costos de transporte
param c[*,*]
: 1000 1 2 3 4 5 6 7 8 9 10 11 12 13 14 15 16 17 18 19 20 21 22 23 24 25 26 27 28 29 30 31 32 :=
1000 0 68 53 34 48 63 65 65 69 70 73 64 56 69 74 77 115 85 91 92 108 101 103 119 114 93 89 97 96 86 58 61 68
1 68 0 21 38 61 25 25 26 26 27 25 18 20 6 8 9 57 17 26 26 43 37 37 51 45 25 26 34 37 36 24 11 22
2 53 21 0 19 40 13 14 15 18 19 21 11 4 19 29 30 78 37 38 39 55 49 51 67 63 45 47 55 58 55 33 22 16
3 34 38 19 0 31 28 30 31 35 35 38 30 22 37 45 47 92 55 58 58 74 67 70 86 82 63 63 71 73 66 39 34 33
4 48 61 40 31 0 39 41 40 44 44 48 46 41 58 69 70 118 76 71 72 85 78 84 100 98 84 87 95 98 94 69 62 45
5 63 25 13 28 39 0 2 3 7 7 10 7 9 20 32 32 81 37 32 34 48 41 45 61 59 45 50 57 62 61 43 30 6
6 65 25 14 30 41 2 0 1 4 5 8 7 11 20 32 31 80 36 31 32 46 39 44 60 58 44 49 57 62 61 44 31 4
7 65 26 15 31 40 3 1 0 4 4 8 8 12 21 33 32 81 37 31 32 46 39 44 60 58 44 50 57 62 62 45 32 5
8 69 26 18 35 44 7 4 4 0 1 4 9 15 20 32 31 79 35 27 28 42 35 40 56 54 42 48 56 61 62 46 33 4
9 70 27 19 35 44 7 5 4 1 0 4 10 16 21 33 32 80 35 28 29 42 35 40 56 55 42 49 56 62 63 47 34 5
10 73 25 21 38 48 10 8 8 4 4 0 11 18 19 31 29 77 32 23 25 38 31 36 52 51 39 46 53 59 61 47 33 6
11 64 18 11 30 46 7 7 8 9 10 11 0 8 13 25 25 74 30 28 29 45 38 41 57 54 38 42 50 55 54 37 24 5
12 56 20 4 22 41 9 11 12 15 16 18 8 0 17 28 28 77 35 35 36 52 45 48 64 60 43 46 54 57 55 34 22 12
13 69 6 19 37 58 20 20 21 20 21 19 13 17 0 13 12 61 18 23 23 40 34 34 50 45 27 30 38 42 42 30 16 16
14 74 8 29 45 69 32 32 33 32 33 31 25 28 13 0 4 49 12 26 26 41 36 34 47 41 19 18 26 30 30 24 13 29
15 77 9 30 47 70 32 31 32 31 32 29 25 28 12 4 0 49 8 22 22 37 32 30 43 37 16 18 25 30 32 28 17 27
16 115 57 78 92 118 81 80 81 79 80 77 74 77 61 49 49 0 44 59 57 60 62 54 52 43 38 31 23 20 30 57 58 76
17 85 17 37 55 76 37 36 37 35 35 32 30 35 18 12 8 44 0 18 17 31 27 23 36 29 8 15 21 28 33 35 25 32
18 91 26 38 58 71 32 31 31 27 28 23 28 35 23 26 22 59 18 0 1 17 11 13 29 27 21 32 37 44 51 50 37 26
19 92 26 39 58 72 34 32 32 28 29 25 29 36 23 26 22 57 17 1 0 17 11 12 28 26 19 31 36 43 51 50 37 27
20 108 43 55 74 85 48 46 46 42 42 38 45 52 40 41 37 60 31 17 17 0 7 8 15 19 28 41 43 51 61 65 53 42
21 101 37 49 67 78 41 39 39 35 35 31 38 45 34 36 32 62 27 11 11 7 0 8 22 23 26 39 42 50 59 60 48 35
22 103 37 51 70 84 45 44 44 40 40 36 41 48 34 34 30 54 23 13 12 8 8 0 16 16 21 33 35 44 54 58 47 39
23 119 51 67 86 100 61 60 60 56 56 52 57 64 50 47 43 52 36 29 28 15 22 16 0 10 30 41 40 48 61 71 61 55
24 114 45 63 82 98 59 58 58 54 55 51 54 60 45 41 37 43 29 27 26 19 23 16 10 0 22 32 30 38 51 63 54 53
25 93 25 45 63 84 45 44 44 42 42 39 38 43 27 19 16 38 8 21 19 28 26 21 30 22 0 13 16 24 33 41 32 39
26 89 26 47 63 87 50 49 50 48 49 46 42 46 30 18 18 31 15 32 31 41 39 33 41 32 13 0 8 13 21 34 29 45
27 97 34 55 71 95 57 57 57 56 56 53 50 54 38 26 25 23 21 37 36 43 42 35 40 30 16 8 0 8 21 40 37 52
28 96 37 58 73 98 62 62 62 61 62 59 55 57 42 30 30 20 28 44 43 51 50 44 48 38 24 13 8 0 15 38 38 58
29 86 36 55 66 94 61 61 62 62 63 61 54 55 42 30 32 30 33 51 51 61 59 54 61 51 33 21 21 15 0 28 33 58
30 58 24 33 39 69 43 44 45 46 47 47 37 34 30 24 28 57 35 50 50 65 60 58 71 63 41 34 40 38 28 0 14 42
31 61 11 22 34 62 30 31 32 33 34 33 24 22 16 13 17 58 25 37 37 53 48 47 61 54 32 29 37 38 33 14 0 29
32 68 22 16 33 45 6 4 5 4 5 6 5 12 16 29 27 76 32 26 27 42 35 39 55 53 39 45 52 58 58 42 29 0
;