#nodos de la red - 1000 es el nodo origen
set Nodos:= 1000 1 2 3 4 5 6 7 8 9 10 11 12 13 14 15 16 17 18 19 20 21 22 23 24 25 26 27 28 29 30 31 32 33 34 35 36 37 38 39 40 41 42 43 44 45 46 47 48 49 50 51 52 53 54 55 56 57 58 59 60 61 62 63 64 65 66 67 68 69 70 71 72 73 74 75 76 77 78 79 80 81 82 83 84 85 86 87 88 89 90 91 92 93 94 95 96 97 98 99 100;

#predios productores
set I:= 1 2 3 4 5 6 7 8 9 10 11 12 13 14 15 16 17 18 19 20 21 22 23 24 25 26 27 28 29 30 31 32 33 34 35 36 37 38 39 40 41 42 43 44 45 46 47 48 49 50 51 52 53 54 55 56 57 58 59 60 61 62 63 64 65 66 67 68 69 70 71 72 73 74 75 76 77 78 79 80 81 82 83 84 85 86 87 88 89 90 91 92 93 94 95 96 97 98 99 100;

#camiones disponibles
set K:= 1 2 3;

#capacidades de camiones
param Q:=
1 10000
2 9000
3 8000
;

#demanda por tipo de leche
param D:=
11656	
6799	
2544


;

#ingreso por tipo de leche
param V:=
1.0
0.7
0.3
;

#cotas de tipo de leche
param U:=
5
10
300
;

#produccion de cada predio
param qu :=
1000 0
1	1066	1	3
2	841	1	3
3	74	1	4
4	687	1	3
5	175	1	4
6	183	1	5
7	124	1	1
8	4	1	4
9	81	1	4
10	56	1	4
11	29	1	3
12	23	1	3
13	4	1	2
14	9	1	1
15	7	1	1
16	181	1	4
17	54	1	5
18	884	1	3
19	822	1	4
20	637	1	4
21	59	1	2
22	140	1	2
23	531	1	3
24	58	1	5
25	15	1	4
26	11	1	3
27	185	1	5
28	159	1	4
29	285	1	2
30	4	1	3
31	10	1	1
32	3	1	4
33	4	1	4
34	11	1	5
35	45	1	3
36	4	1	5
37	225	1	4
38	286	1	5
39	262	1	2
40	4	1	4
41	391	1	5
42	54	1	5
43	518	1	5
44	815	1	5
45	25	1	1
46	29	1	3
47	18	1	4
48	588	1	3
49	68	1	4
50	480	1	1
51	5	1	2
52	16	1	5
53	34	1	5
54	5	1	2
55	9	1	1
56	22	1	5
57	120	1	3
58	152	1	3
59	21	1	1
60	44	1	1
61	676	2	10
62	17	2	7
63	764	2	8
64	13	2	8
65	6	2	7
66	718	2	10
67	52	2	8
68	11	2	8
69	93	2	6
70	398	2	10
71	48	2	9
72	37	2	6
73	3	2	8
74	8	2	10
75	406	2	8
76	1086	2	7
77	3	2	7
78	52	2	9
79	88	2	7
80	28	2	9
81	686	2	7
82	25	2	8
83	101	2	7
84	4	2	6
85	15	2	8
86	445	2	7
87	4	2	6
88	593	2	10
89	327	2	9
90	92	2	6
91	21	3	16
92	12	3	16
93	44	3	13
94	773	3	20
95	4	3	17
96	14	3	12
97	783	3	11
98	3	3	16
99	500	3	19
100	390	3	12


;

#costos de transporte
param c[*,*]
: 1000 1 2 3 4 5 6 7 8 9 10 11 12 13 14 15 16 17 18 19 20 21 22 23 24 25 26 27 28 29 30 31 32 33 34 35 36 37 38 39 40 41 42 43 44 45 46 47 48 49 50 51 52 53 54 55 56 57 58 59 60 61 62 63 64 65 66 67 68 69 70 71 72 73 74 75 76 77 78 79 80 81 82 83 84 85 86 87 88 89 90 91 92 93 94 95 96 97 98 99 100 :=
1000 0 5 3 7 3 8 5 3 3 4 6 4 7 4 4 7 81 88 85 78 92 83 82 81 88 92 82 82 91 92 78 88 77 77 87 91 9 34 28 16 7 14 30 36 30 28 18 33 20 39 26 16 14 36 40 71 95 102 113 78 105 105 98 80 62 78 106 68 13 19 13 3 10 15 3 15 11 9 66 96 83 97 80 82 101 24 20 17 25 17 24 12 14 18 21 15 25 22 22 17 9
1 5 0 6 12 7 9 5 5 3 8 6 1 7 6 8 11 86 93 89 83 96 87 86 85 93 97 87 87 96 97 82 93 81 82 92 96 3 34 31 19 12 19 31 35 30 33 23 37 18 40 25 18 18 33 42 66 91 97 108 73 99 100 93 75 58 76 102 64 8 16 8 8 14 10 4 17 15 13 67 96 84 98 81 83 102 23 20 15 23 17 23 10 13 17 21 15 25 20 20 20 14
2 3 6 0 9 1 4 8 6 4 2 4 6 4 7 6 5 83 89 86 80 94 84 84 82 89 94 83 84 92 94 80 90 79 79 88 93 9 37 30 19 9 15 33 39 33 29 21 35 23 42 29 19 17 39 43 69 94 101 112 78 104 103 98 80 64 81 108 70 14 17 14 5 8 15 3 12 9 6 69 99 86 100 83 85 104 27 24 20 28 20 27 15 17 21 24 18 28 25 25 14 8
3 7 12 9 0 9 13 9 7 10 8 13 11 14 6 4 10 74 81 77 71 84 75 75 74 81 85 75 75 84 85 71 81 70 70 80 84 15 29 21 11 1 8 25 34 27 21 11 25 20 34 25 11 8 36 35 78 102 108 120 84 111 112 104 87 64 77 109 70 19 26 19 4 13 22 10 19 12 11 61 91 79 92 74 78 96 23 18 19 24 16 23 13 13 17 18 12 21 22 22 20 7
4 3 7 1 9 0 5 8 6 4 1 5 6 5 7 6 4 82 88 85 79 93 83 83 81 88 93 82 83 91 93 79 89 78 78 87 92 10 36 29 19 8 14 33 39 33 28 20 34 23 41 29 18 16 39 43 70 95 102 113 79 105 104 98 81 64 81 109 71 15 17 15 4 7 16 4 12 8 6 69 99 86 99 82 85 104 27 23 20 28 20 27 15 17 21 24 17 28 25 25 14 7
5 8 9 4 13 5 0 12 10 7 5 4 9 3 12 11 5 85 92 89 83 97 88 87 85 92 97 86 87 95 97 83 92 82 83 91 95 11 41 34 24 13 18 38 43 37 32 24 38 27 46 33 23 21 42 48 67 92 100 110 77 103 101 97 79 67 85 110 73 16 13 16 9 6 14 6 8 8 6 74 103 91 104 87 90 109 31 28 24 32 25 31 19 21 25 28 22 32 29 29 11 10
6 5 5 8 9 8 12 0 2 5 9 10 4 11 2 5 12 81 89 85 79 91 82 81 81 89 92 83 82 92 92 78 89 77 77 88 92 7 30 27 14 9 17 26 31 25 29 18 32 15 35 21 13 13 31 37 71 95 100 113 76 103 104 96 78 57 73 102 63 11 21 10 6 15 15 6 20 16 14 62 92 79 93 76 78 97 19 16 12 20 12 19 7 9 13 16 10 21 17 17 22 13
7 3 5 6 7 6 10 2 0 4 7 9 4 9 1 3 10 81 88 84 78 91 82 81 80 88 92 82 82 91 92 77 88 76 77 87 91 8 31 26 14 7 15 27 33 27 28 17 32 17 36 23 13 13 33 38 71 96 101 113 77 104 105 97 80 59 75 104 65 12 21 12 4 13 15 5 18 14 11 64 93 81 94 77 80 98 21 17 15 22 14 21 9 11 15 18 12 22 19 19 20 11
8 3 3 4 10 4 7 5 4 0 6 4 2 5 6 6 9 84 91 87 81 95 85 85 84 91 95 85 85 94 95 81 91 80 80 90 94 6 35 30 18 10 17 32 36 31 31 21 35 20 40 26 18 17 35 42 68 92 99 110 75 102 102 95 77 60 78 105 67 11 16 11 6 11 12 1 15 12 10 68 97 85 98 81 84 102 24 21 17 25 18 25 12 15 19 22 16 26 22 22 17 11
9 4 8 2 8 1 5 9 7 6 0 6 8 6 8 6 3 81 88 84 78 92 83 82 80 87 92 81 83 91 93 79 88 77 78 86 91 11 37 29 19 8 13 33 40 34 27 19 33 24 42 30 19 16 40 43 71 96 103 114 80 106 105 100 82 66 82 110 72 16 18 16 4 6 17 5 11 7 4 69 99 87 100 82 86 104 28 24 22 29 21 28 16 18 22 24 18 28 26 26 13 6
10 6 6 4 13 5 4 10 9 4 6 0 6 1 10 10 8 87 94 90 84 98 89 88 86 93 98 87 88 97 98 84 94 83 83 92 97 8 39 34 23 13 19 36 41 35 33 25 39 24 45 30 22 21 39 46 65 90 97 108 74 101 99 94 76 63 82 107 69 12 13 13 9 9 11 4 11 11 9 72 102 89 103 86 88 107 29 26 21 29 22 29 16 19 23 26 20 30 26 26 14 12
11 4 1 6 11 6 9 4 4 2 8 6 0 7 5 7 11 85 92 88 82 95 86 85 84 92 96 86 86 95 96 81 92 80 81 91 95 4 34 30 18 11 18 31 35 29 32 22 36 18 39 24 17 17 33 41 67 92 98 109 74 100 101 94 76 58 76 102 64 9 17 9 7 13 11 3 17 14 12 67 96 83 97 80 82 101 23 20 15 23 16 23 10 13 17 20 14 25 20 20 20 13
12 7 7 4 14 5 3 11 9 5 6 1 7 0 11 11 7 87 94 90 84 98 89 88 86 94 98 88 89 97 99 85 94 83 84 93 97 9 40 35 23 13 19 37 42 36 34 25 39 25 45 31 23 21 40 47 65 90 97 108 74 101 99 94 76 64 83 108 70 13 12 13 9 9 12 4 10 10 9 73 102 90 104 87 89 108 30 27 22 30 23 30 17 20 24 27 21 31 27 27 13 12
13 4 6 7 6 7 12 2 1 6 8 10 5 11 0 3 11 80 87 83 77 90 81 80 79 87 91 81 81 90 90 76 87 75 75 86 90 9 30 25 13 7 14 26 32 26 27 16 31 16 35 22 12 12 32 36 72 97 102 114 78 105 106 98 81 59 74 104 65 13 22 12 4 14 16 6 19 14 12 62 92 79 93 76 78 97 20 16 14 21 13 20 9 10 14 16 10 21 18 18 21 11
14 4 8 6 4 6 11 5 3 6 6 10 7 11 3 0 9 78 85 81 75 88 79 78 78 85 89 79 79 88 89 75 85 73 74 84 88 11 30 24 13 4 12 27 34 27 25 15 29 19 35 24 13 11 35 37 74 99 104 116 80 107 108 100 83 62 76 106 68 16 22 15 2 12 18 7 18 12 10 63 93 80 94 76 79 98 22 18 17 23 15 22 11 12 16 18 12 22 21 21 19 8
15 7 11 5 10 4 5 12 10 9 3 8 11 7 11 9 0 81 87 84 78 92 83 82 80 87 92 81 83 90 93 79 87 77 78 86 90 14 39 30 21 9 13 35 43 36 27 21 34 27 44 33 21 18 43 45 72 97 105 115 82 108 106 101 83 69 85 113 75 19 18 19 7 3 19 8 9 4 1 72 102 89 102 85 88 107 31 27 25 32 24 31 19 21 25 27 21 31 29 29 10 5
16 81 86 83 74 82 85 81 81 84 81 87 85 87 80 78 81 0 11 4 3 15 11 12 2 11 13 8 7 13 15 13 9 10 12 11 12 89 67 56 69 74 68 66 81 75 53 63 49 82 63 81 71 68 91 60 152 176 181 194 156 182 186 176 159 119 105 159 121 92 99 91 78 81 96 84 87 79 80 66 86 78 76 65 77 86 80 76 84 82 78 79 82 79 78 75 76 72 83 82 85 75
17 88 93 89 81 88 92 89 88 91 88 94 92 94 87 85 87 11 0 11 14 20 20 21 9 1 15 6 16 3 19 24 2 21 22 1 4 96 77 64 77 81 74 76 91 84 60 71 57 91 73 90 79 76 100 70 159 184 189 201 164 191 193 184 167 129 115 170 132 100 105 99 85 87 103 91 92 86 86 76 96 88 86 76 88 96 89 85 93 91 87 88 90 87 87 84 84 81 92 91 90 82
18 85 89 86 77 85 89 85 84 87 84 90 88 90 83 81 84 4 11 0 6 11 9 10 6 12 9 11 5 13 11 13 9 10 11 12 11 92 69 59 72 77 71 69 83 77 57 67 52 85 65 84 74 71 93 62 155 180 184 197 159 185 189 179 162 121 105 161 123 96 102 94 82 85 99 88 90 83 84 66 85 77 75 65 77 85 82 79 87 84 81 81 85 82 81 78 79 74 86 85 88 79
19 78 83 80 71 79 83 79 78 81 78 84 82 84 77 75 78 3 14 6 0 16 10 11 4 14 15 10 7 16 16 11 13 8 9 13 15 86 64 53 66 71 65 63 78 72 51 60 46 79 60 78 68 65 88 57 149 173 178 191 153 179 183 173 156 116 102 156 118 89 96 88 75 79 93 81 84 77 77 63 84 75 74 63 75 84 77 73 81 79 75 76 79 76 75 72 73 69 80 79 82 73
20 92 96 94 84 93 97 91 91 95 92 98 95 98 90 88 92 15 20 11 16 0 9 10 17 21 5 22 10 20 1 14 18 15 14 21 18 99 73 65 78 85 79 73 87 81 65 73 59 90 68 88 80 78 96 65 162 186 190 204 164 190 196 184 168 123 104 161 125 102 110 101 89 93 106 95 99 91 92 64 80 74 69 61 73 78 87 84 92 89 86 86 91 88 86 83 85 79 91 90 97 87
21 83 87 84 75 83 88 82 82 85 83 89 86 89 81 79 83 11 20 9 10 9 0 1 13 21 11 19 4 22 10 5 18 6 5 21 20 89 64 56 69 76 70 64 78 72 56 64 50 81 60 79 71 69 88 57 153 177 180 194 155 181 186 175 158 115 97 154 117 93 101 92 80 84 97 86 90 82 82 58 76 69 66 56 68 76 78 75 83 80 77 77 82 79 77 74 76 70 82 81 88 78
22 82 86 84 75 83 87 81 81 85 82 88 85 88 80 78 82 12 21 10 11 10 1 0 14 22 13 20 5 23 11 4 20 6 4 22 21 89 63 55 68 75 69 63 77 71 55 64 49 80 59 78 70 68 87 56 152 176 179 193 154 180 186 174 157 114 96 152 115 92 100 91 79 84 96 85 89 82 82 57 75 67 64 55 67 74 77 74 82 79 76 76 81 78 76 73 75 69 81 80 88 77
23 81 85 82 74 81 85 81 80 84 80 86 84 86 79 78 80 2 9 6 4 17 13 14 0 10 14 6 9 12 17 15 9 12 13 9 11 88 68 56 69 74 67 67 82 75 53 63 49 82 64 81 71 68 91 61 151 176 181 194 156 182 185 176 159 120 106 160 122 92 98 91 78 81 96 84 86 79 79 67 88 80 78 67 79 88 80 77 84 82 78 79 82 79 78 76 76 72 84 83 84 75
24 88 93 89 81 88 92 89 88 91 87 93 92 94 87 85 87 11 1 12 14 21 21 22 10 0 16 6 17 3 20 24 3 21 23 1 4 96 77 65 77 81 74 76 91 84 60 71 57 91 74 90 79 76 101 71 159 183 189 201 164 191 193 185 167 129 116 170 132 100 105 99 85 87 103 91 92 85 86 77 97 89 87 77 88 97 89 85 93 91 87 88 90 87 87 84 84 81 93 92 90 82
25 92 97 94 85 93 97 92 92 95 92 98 96 98 91 89 92 13 15 9 15 5 11 13 14 16 0 18 10 15 4 16 13 16 16 16 13 100 76 66 80 85 79 75 89 83 65 74 60 92 71 90 81 79 99 68 163 187 191 205 166 192 197 186 169 126 108 165 128 103 110 102 89 93 107 96 99 91 92 69 85 78 74 66 78 84 89 86 94 91 88 88 92 89 88 85 86 81 93 92 97 87
26 82 87 83 75 82 86 83 82 85 81 87 86 88 81 79 81 8 6 11 10 22 19 20 6 6 18 0 15 9 21 22 7 18 20 5 9 90 72 59 71 75 68 70 86 79 54 65 51 85 68 85 73 70 95 65 153 177 183 195 158 185 187 179 161 124 111 165 127 94 99 93 79 81 97 85 86 79 80 73 94 86 84 73 85 94 83 79 87 85 81 82 84 81 81 78 79 75 87 86 84 76
27 82 87 84 75 83 87 82 82 85 83 88 86 89 81 79 83 7 16 5 7 10 4 5 9 17 10 15 0 18 10 8 14 6 7 17 16 90 66 56 69 75 70 65 80 74 55 64 50 82 61 80 71 69 89 58 153 177 181 195 156 182 187 176 159 117 100 156 119 93 101 92 80 84 97 86 89 82 82 61 80 72 70 60 72 80 79 76 84 81 78 78 82 79 78 75 76 71 83 82 87 77
28 91 96 92 84 91 95 92 91 94 91 97 95 97 90 88 90 13 3 13 16 20 22 23 12 3 15 9 18 0 19 25 4 23 24 4 2 99 80 67 80 84 77 79 94 87 63 74 60 94 76 93 82 79 103 73 162 187 192 204 167 194 196 187 170 132 118 172 134 103 108 102 88 90 106 94 95 88 89 79 98 90 87 78 89 97 92 88 96 94 90 91 93 90 90 87 87 84 95 94 93 85
29 92 97 94 85 93 97 92 92 95 93 98 96 99 90 89 93 15 19 11 16 1 10 11 17 20 4 21 10 19 0 15 17 16 15 20 17 99 74 66 79 85 80 74 88 82 66 74 60 91 69 89 81 79 98 66 163 187 190 204 165 191 196 185 168 124 105 162 126 103 111 102 90 94 107 96 99 92 92 66 81 75 70 62 74 80 88 85 93 90 87 87 92 89 87 84 86 80 92 91 98 87
30 78 82 80 71 79 83 78 77 81 79 84 81 85 76 75 79 13 24 13 11 14 5 4 15 24 16 22 8 25 15 0 22 4 2 24 24 85 59 51 64 71 66 59 73 67 52 60 46 76 55 74 66 64 83 52 148 172 175 190 150 176 182 170 153 110 93 149 112 88 97 87 75 80 92 81 86 78 78 53 73 65 63 52 64 72 73 70 78 75 72 72 77 74 72 69 71 65 77 76 84 73
31 88 93 90 81 89 92 89 88 91 88 94 92 94 87 85 87 9 2 9 13 18 18 20 9 3 13 7 14 4 17 22 0 19 21 3 3 96 76 64 77 81 75 75 90 84 60 71 57 91 72 90 79 76 100 70 159 184 189 201 164 191 193 184 167 128 114 169 131 100 106 99 85 88 103 91 93 86 86 75 94 87 84 74 86 94 88 85 92 91 86 87 90 87 87 84 84 80 92 91 91 82
32 77 81 79 70 78 82 77 76 80 77 83 80 83 75 73 77 10 21 10 8 15 6 6 12 21 16 18 6 23 16 4 19 0 2 21 21 84 60 50 64 70 64 59 74 67 50 59 44 76 55 74 65 63 83 52 147 171 175 189 150 176 181 170 153 111 95 150 113 87 95 86 74 78 91 80 84 77 77 56 76 68 66 55 67 76 73 70 78 75 72 72 77 73 72 69 70 65 77 76 82 72
33 77 82 79 70 78 83 77 77 80 78 83 81 84 75 74 78 12 22 11 9 14 5 4 13 23 16 20 7 24 15 2 21 2 0 22 23 84 59 51 64 71 65 59 73 67 51 59 45 76 55 74 66 64 83 52 148 172 175 189 150 176 181 170 153 110 94 149 112 88 96 86 75 79 92 81 85 77 77 55 74 66 65 54 66 74 73 70 78 75 72 72 77 74 72 69 71 65 77 76 83 73
34 87 92 88 80 87 91 88 87 90 86 92 91 93 86 84 86 11 1 12 13 21 21 22 9 1 16 5 17 4 20 24 3 21 22 0 5 95 76 64 76 80 73 75 90 84 59 70 56 90 73 89 78 75 100 70 158 182 188 200 163 190 192 184 166 128 115 169 131 99 104 98 84 86 102 90 91 84 85 76 96 89 86 76 88 96 88 84 92 90 86 87 89 86 86 83 83 80 92 91 89 81
35 91 96 93 84 92 95 92 91 94 91 97 95 97 90 88 90 12 4 11 15 18 20 21 11 4 13 9 16 2 17 24 3 21 23 5 0 99 79 67 80 84 78 78 93 87 63 74 60 94 75 93 82 79 103 72 162 187 192 204 167 194 196 187 170 131 116 171 134 103 109 102 88 91 106 94 96 89 89 77 96 89 85 76 88 95 91 88 95 94 89 90 93 90 90 87 87 83 95 94 93 85
36 9 3 9 15 10 11 7 8 6 11 8 4 9 9 11 14 89 96 92 86 99 89 89 88 96 100 90 90 99 99 85 96 84 84 95 99 0 35 34 21 15 23 33 34 30 36 25 40 18 41 24 20 21 32 43 63 88 93 105 69 96 97 89 72 55 75 99 62 5 15 5 11 16 7 6 19 18 16 68 97 84 99 82 83 102 23 21 15 23 17 23 11 14 18 21 16 26 20 20 22 17
37 34 34 37 29 36 41 30 31 35 37 39 34 40 30 30 39 67 77 69 64 73 64 63 68 77 76 72 66 80 74 59 76 60 59 76 79 35 0 18 18 30 32 4 14 8 32 23 26 20 6 16 18 22 24 9 94 116 117 133 92 117 126 112 96 52 51 95 56 36 51 35 32 42 42 36 48 41 40 33 62 50 64 46 49 68 15 15 23 17 18 14 25 21 18 14 19 9 20 19 49 36
38 28 31 30 21 29 34 27 26 30 29 34 30 35 25 24 30 56 64 59 53 65 56 55 56 65 66 59 56 67 66 51 64 50 51 64 67 34 18 0 13 21 19 15 31 23 14 10 8 27 19 27 15 13 38 19 97 121 125 138 100 126 130 120 103 68 69 112 72 37 47 36 25 33 41 31 39 31 30 45 75 63 74 56 62 80 25 21 28 27 22 24 26 23 22 20 20 17 28 27 39 25
39 16 19 19 11 19 24 14 14 18 19 23 18 23 13 13 21 69 77 72 66 78 69 68 69 77 80 71 69 80 79 64 77 64 64 76 80 21 18 13 0 12 14 15 26 17 20 8 20 15 23 18 2 4 30 24 84 108 112 125 87 114 117 107 90 59 67 104 64 24 35 23 14 24 28 19 30 23 22 51 81 68 81 64 67 86 16 11 16 18 10 15 13 10 11 10 7 11 17 16 31 17
40 7 12 9 1 8 13 9 7 10 8 13 11 13 7 4 9 74 81 77 71 85 76 75 74 81 85 75 75 84 85 71 81 70 71 80 84 15 30 21 12 0 8 26 35 28 21 12 26 21 35 26 12 9 37 36 78 102 109 120 85 111 112 105 87 65 78 110 71 20 25 19 4 12 22 10 18 11 10 62 92 80 93 75 79 97 24 19 19 25 17 24 14 14 18 19 13 22 23 23 19 6
41 14 19 15 8 14 18 17 15 17 13 19 18 19 14 12 13 68 74 71 65 79 70 69 67 74 79 68 70 77 80 66 75 64 65 73 78 23 32 19 14 8 0 28 40 32 14 9 21 27 36 31 16 10 43 36 84 109 116 127 92 119 118 112 94 72 82 116 77 27 31 27 11 14 29 17 21 13 13 63 93 81 92 75 80 98 29 24 26 31 22 29 21 21 23 24 19 25 29 29 20 8
42 30 31 33 25 33 38 26 27 32 33 36 31 37 26 27 35 66 76 69 63 73 64 63 67 76 75 70 65 79 74 59 75 59 59 75 78 33 4 15 15 26 28 0 16 9 28 19 23 18 9 15 14 18 25 11 92 115 117 132 91 117 125 111 95 54 55 97 58 34 48 32 29 38 39 32 44 38 36 36 66 53 67 50 53 71 14 13 21 16 16 13 22 18 15 12 16 7 18 17 45 32
43 36 35 39 34 39 43 31 33 36 40 41 35 42 32 34 43 81 91 83 78 87 78 77 82 91 89 86 80 94 88 73 90 74 73 90 93 34 14 31 26 35 40 16 0 9 44 33 39 16 18 10 24 30 10 21 85 107 106 122 80 105 116 99 84 38 42 81 42 33 49 32 36 46 39 37 51 46 44 37 63 51 67 51 50 69 12 16 20 11 19 12 24 22 18 16 22 15 15 15 53 41
44 30 30 33 27 33 37 25 27 31 34 35 29 36 26 27 36 75 84 77 72 81 72 71 75 84 83 79 74 87 82 67 84 67 67 84 87 30 8 23 17 28 32 9 9 0 35 24 31 13 14 8 16 22 16 16 86 109 109 125 84 109 118 103 87 46 50 89 50 30 45 28 29 39 36 32 45 39 37 38 67 54 69 52 53 72 8 9 16 9 13 7 19 16 12 9 15 6 12 11 46 34
45 28 33 29 21 28 32 29 28 31 27 33 32 34 27 25 27 53 60 57 51 65 56 55 53 60 65 54 55 63 66 52 60 50 51 59 63 36 32 14 20 21 14 28 44 35 0 13 9 36 33 38 22 17 50 32 99 123 129 141 105 132 133 125 108 79 83 124 84 40 45 39 25 28 43 31 34 26 27 57 88 75 85 68 74 91 35 31 36 38 31 35 32 30 31 30 27 29 37 37 32 22
46 18 23 21 11 20 24 18 17 21 19 25 22 25 16 15 21 63 71 67 60 73 64 64 63 71 74 65 64 74 74 60 71 59 59 70 74 25 23 10 8 12 9 19 33 24 13 0 14 23 26 25 10 5 38 27 89 113 118 131 94 120 122 114 96 67 73 112 72 29 37 28 16 23 33 22 29 21 21 53 84 71 83 65 70 88 23 18 23 25 18 23 20 17 19 18 15 18 25 24 29 16
47 33 37 35 25 34 38 32 32 35 33 39 36 39 31 29 34 49 57 52 46 59 50 49 49 57 60 51 50 60 60 46 57 44 45 56 60 40 26 8 20 26 21 23 39 31 9 14 0 34 25 35 22 19 46 24 103 127 132 145 107 134 137 127 110 76 76 120 80 43 51 42 30 35 47 36 41 34 33 48 78 66 75 58 65 82 33 29 36 35 30 32 33 30 30 28 27 26 36 35 40 28
48 20 18 23 20 23 27 15 17 20 24 24 18 25 16 19 27 82 91 85 79 90 81 80 82 91 92 85 82 94 91 76 91 76 76 90 94 18 20 27 15 21 27 18 16 13 36 23 34 0 26 6 13 18 16 28 74 97 99 114 74 100 107 94 77 45 58 89 50 17 33 16 21 30 23 21 35 31 28 51 79 67 82 65 66 85 5 6 4 5 5 6 8 7 4 7 8 11 2 2 37 27
49 39 40 42 34 41 46 35 36 40 42 45 39 45 35 35 44 63 73 65 60 68 60 59 64 74 71 68 61 76 69 55 72 55 55 73 75 41 6 19 23 35 36 9 18 14 33 26 25 26 0 21 23 26 28 3 100 122 123 139 97 122 132 117 101 56 50 97 59 42 56 40 37 47 47 41 53 46 44 28 58 45 58 41 44 63 21 21 29 22 24 20 30 27 23 20 25 15 25 25 53 40
50 26 25 29 25 29 33 21 23 26 30 30 24 31 22 24 33 81 90 84 78 88 79 78 81 90 90 85 80 93 89 74 90 74 74 89 93 24 16 27 18 26 31 15 10 8 38 25 35 6 21 0 16 22 12 24 79 101 102 117 77 102 110 96 80 42 52 86 47 23 39 22 26 36 29 27 41 36 34 45 73 60 76 59 60 78 2 7 10 1 9 3 14 12 8 8 13 9 5 4 43 32
51 16 18 19 11 18 23 13 13 18 19 22 17 23 12 13 21 71 79 74 68 80 71 70 71 79 81 73 71 82 81 66 79 65 66 78 82 20 18 15 2 12 16 14 24 16 22 10 22 13 23 16 0 6 28 24 82 106 110 123 85 111 116 105 88 57 66 102 62 22 34 21 14 24 27 18 30 24 22 51 80 68 81 64 67 85 14 9 14 16 8 13 11 8 9 8 5 10 15 14 31 18
52 14 18 17 8 16 21 13 13 17 16 21 17 21 12 11 18 68 76 71 65 78 69 68 68 76 79 70 69 79 79 64 76 63 64 75 79 21 22 13 4 9 10 18 30 22 17 5 19 18 26 22 6 0 34 27 84 108 113 126 88 115 118 109 91 63 71 108 68 24 33 23 12 21 28 17 27 20 18 54 84 71 84 67 71 89 19 14 18 21 13 19 15 13 14 14 10 15 21 20 27 14
53 36 33 39 36 39 42 31 33 35 40 39 33 40 32 35 43 91 100 93 88 96 88 87 91 101 99 95 89 103 98 83 100 83 83 100 103 32 24 38 30 37 43 25 10 16 50 38 46 16 28 12 28 34 0 31 77 97 96 113 70 95 106 89 74 30 43 74 35 29 46 28 37 46 35 36 50 47 44 46 70 59 75 60 58 76 14 19 18 12 21 15 24 23 20 20 24 21 14 14 53 43
54 40 42 43 35 43 48 37 38 42 43 46 41 47 36 37 45 60 70 62 57 65 57 56 61 71 68 65 58 73 66 52 70 52 52 70 72 43 9 19 24 36 36 11 21 16 32 27 24 28 3 24 24 27 31 0 102 125 126 141 100 125 134 120 104 59 51 100 61 44 58 43 39 48 50 43 54 47 46 27 57 44 57 39 43 62 24 23 31 25 26 23 33 29 26 22 27 17 28 27 55 41
55 71 66 69 78 70 67 71 71 68 71 65 67 65 72 74 72 152 159 155 149 162 153 152 151 159 163 153 153 162 163 148 159 147 148 158 162 63 94 97 84 78 84 92 85 86 99 89 103 74 100 79 82 84 77 102 0 25 38 43 28 46 34 39 25 74 111 97 80 60 54 61 74 72 56 68 68 74 73 123 146 135 152 137 134 152 79 80 71 77 77 80 71 75 77 81 78 86 74 75 71 77
56 95 91 94 102 95 92 95 96 92 96 90 92 90 97 99 97 176 184 180 173 186 177 176 176 183 187 177 177 187 187 172 184 171 172 182 187 88 116 121 108 102 109 115 107 109 123 113 127 97 122 101 106 108 97 125 25 0 21 18 31 32 9 27 26 88 127 101 93 84 79 85 98 97 81 92 93 99 98 143 164 154 171 157 153 171 101 103 94 100 100 102 95 98 100 104 101 109 97 98 96 102
57 102 97 101 108 102 100 100 101 99 103 97 98 97 102 104 105 181 189 184 178 190 180 179 181 189 191 183 181 192 190 175 189 175 175 188 192 93 117 125 112 109 116 117 106 109 129 118 132 99 123 102 110 113 96 126 38 21 0 22 25 11 23 9 22 80 119 85 84 89 88 90 105 105 87 99 103 107 106 141 158 149 167 154 149 165 103 105 97 101 103 104 99 102 103 106 105 111 99 100 106 109
58 113 108 112 120 113 110 113 113 110 114 108 109 108 114 116 115 194 201 197 191 204 194 193 194 201 205 195 195 204 204 190 201 189 189 200 204 105 133 138 125 120 127 132 122 125 141 131 145 114 139 117 123 126 113 141 43 18 22 0 44 31 10 30 39 100 139 107 104 102 97 103 116 115 98 110 111 117 116 158 178 168 186 172 168 185 118 120 111 116 117 119 112 116 117 121 119 125 114 114 115 120
59 78 73 78 84 79 77 76 77 75 80 74 74 74 78 80 82 156 164 159 153 164 155 154 156 164 166 158 156 167 165 150 164 150 150 163 167 69 92 100 87 85 92 91 80 84 105 94 107 74 97 77 85 88 70 100 28 31 25 44 0 27 40 20 5 57 96 72 62 65 66 66 81 83 63 75 81 84 83 116 134 125 142 129 124 141 77 80 72 75 78 78 74 77 78 81 80 85 73 74 84 86
60 105 99 104 111 105 103 103 104 102 106 101 100 101 105 107 108 182 191 185 179 190 181 180 182 191 192 185 182 194 191 176 191 176 176 190 194 96 117 126 114 111 119 117 105 109 132 120 134 100 122 102 111 115 95 125 46 32 11 31 27 0 34 7 25 76 114 76 79 92 92 92 107 109 90 102 107 111 109 138 154 146 163 152 146 161 103 106 98 101 104 104 101 103 104 107 106 111 99 100 110 113
61 105 100 103 112 104 101 104 105 102 105 99 101 99 106 108 106 186 193 189 183 196 186 186 185 193 197 187 187 196 196 182 193 181 181 192 196 97 126 130 117 112 118 125 116 118 133 122 137 107 132 110 116 118 106 134 34 9 23 10 40 34 0 31 35 96 135 107 101 94 88 95 108 106 90 101 102 108 107 153 173 163 180 166 163 180 111 112 104 109 110 112 105 108 110 113 111 118 106 107 105 111
62 98 93 98 104 98 97 96 97 95 100 94 94 94 98 100 101 176 184 179 173 184 175 174 176 185 186 179 176 187 185 170 184 170 170 184 187 89 112 120 107 105 112 111 99 103 125 114 127 94 117 96 105 109 89 120 39 27 9 30 20 7 31 0 18 72 111 76 76 85 85 86 101 102 83 95 100 104 103 134 151 142 159 147 142 157 97 100 92 95 98 98 94 97 98 101 100 105 93 94 103 106
63 80 75 80 87 81 79 78 80 77 82 76 76 76 81 83 83 159 167 162 156 168 158 157 159 167 169 161 159 170 168 153 167 153 153 166 170 72 96 103 90 87 94 95 84 87 108 96 110 77 101 80 88 91 74 104 25 26 22 39 5 25 35 18 0 62 101 76 66 67 67 68 83 84 65 77 82 86 85 120 139 129 147 133 129 146 81 83 75 79 81 82 77 80 81 84 83 89 77 78 85 88
64 62 58 64 64 64 67 57 59 60 66 63 58 64 59 62 69 119 129 121 116 123 115 114 120 129 126 124 117 132 124 110 128 111 110 128 131 55 52 68 59 65 72 54 38 46 79 67 76 45 56 42 57 63 30 59 74 88 80 100 57 76 96 72 62 0 39 45 7 51 65 51 64 72 55 61 74 73 70 64 78 70 87 76 70 85 44 49 46 42 50 45 51 51 49 50 53 51 42 43 77 70
65 78 76 81 77 81 85 73 75 78 82 82 76 83 74 76 85 105 115 105 102 104 97 96 106 116 108 111 100 118 105 93 114 95 94 115 116 75 51 69 67 78 82 55 42 50 83 73 76 58 50 52 66 71 43 51 111 127 119 139 96 114 135 111 101 39 0 60 35 73 89 72 78 88 78 79 93 88 86 39 41 36 52 46 36 48 54 58 61 53 61 54 66 64 60 58 64 56 56 56 95 83
66 106 102 108 109 109 110 102 104 105 110 107 102 108 104 106 113 159 170 161 156 161 154 152 160 170 165 165 156 172 162 149 169 150 149 169 171 99 95 112 104 110 116 97 81 89 124 112 120 89 97 86 102 108 74 100 97 101 85 107 72 76 107 76 76 45 60 0 40 95 107 94 108 116 98 105 118 117 115 97 99 96 111 106 96 105 88 93 90 86 94 89 95 96 93 94 98 95 87 88 121 114
67 68 64 70 70 71 73 63 65 67 72 69 64 70 65 68 75 121 132 123 118 125 117 115 122 132 128 127 119 134 126 112 131 113 112 131 134 62 56 72 64 71 77 58 42 50 84 72 80 50 59 47 62 68 35 61 80 93 84 104 62 79 101 76 66 7 35 40 0 58 72 57 69 78 61 68 81 79 76 64 75 68 85 75 68 82 49 54 51 47 55 50 57 57 54 54 58 55 48 48 84 76
68 13 8 14 19 15 16 11 12 11 16 12 9 13 13 16 19 92 100 96 89 102 93 92 92 100 103 94 93 103 103 88 100 87 88 99 103 5 36 37 24 20 27 34 33 30 40 29 43 17 42 23 22 24 29 44 60 84 89 102 65 92 94 85 67 51 73 95 58 0 16 1 16 21 6 11 23 23 21 68 96 84 99 82 83 102 22 21 14 22 18 23 12 15 18 22 18 27 18 19 26 22
69 19 16 17 26 17 13 21 21 16 18 13 17 12 22 22 18 99 105 102 96 110 101 100 98 105 110 99 101 108 111 97 106 95 96 104 109 15 51 47 35 25 31 48 49 45 45 37 51 33 56 39 34 33 46 58 54 79 88 97 66 92 88 85 67 65 89 107 72 16 0 18 21 18 11 16 15 20 19 83 112 99 114 97 99 117 38 36 30 38 32 38 26 29 33 37 31 41 35 35 18 24
70 13 8 14 19 15 16 10 12 11 16 13 9 13 12 15 19 91 99 94 88 101 92 91 91 99 102 93 92 102 102 87 99 86 86 98 102 5 35 36 23 19 27 32 32 28 39 28 42 16 40 22 21 23 28 43 61 85 90 103 66 92 95 86 68 51 72 94 57 1 18 0 16 21 7 11 24 23 21 67 95 82 97 81 82 100 21 20 12 21 16 21 10 14 17 21 17 26 17 17 27 22
71 3 8 5 4 4 9 6 4 6 4 9 7 9 4 2 7 78 85 82 75 89 80 79 78 85 89 79 80 88 90 75 85 74 75 84 88 11 32 25 14 4 11 29 36 29 25 16 30 21 37 26 14 12 37 39 74 98 105 116 81 107 108 101 83 64 78 108 69 16 21 16 0 10 18 6 16 10 8 65 95 82 95 78 81 100 24 20 18 25 17 24 13 14 18 20 14 24 23 23 17 6
72 10 14 8 13 7 6 15 13 11 6 9 13 9 14 12 3 81 87 85 79 93 84 84 81 87 93 81 84 90 94 80 88 78 79 86 91 16 42 33 24 12 14 38 46 39 28 23 35 30 47 36 24 21 46 48 72 97 105 115 83 109 106 102 84 72 88 116 78 21 18 21 10 0 20 10 6 2 2 74 104 92 105 87 91 109 34 30 28 35 27 34 22 24 28 30 24 34 32 32 7 7
73 15 10 15 22 16 14 15 15 12 17 11 11 12 16 18 19 96 103 99 93 106 97 96 96 103 107 97 97 106 107 92 103 91 92 102 106 7 42 41 28 22 29 39 39 36 43 33 47 23 47 29 27 28 35 50 56 81 87 98 63 90 90 83 65 55 78 98 61 6 11 7 18 20 0 12 21 22 20 74 102 90 105 88 89 108 28 27 19 28 23 29 17 21 24 28 23 33 24 25 24 23
74 3 4 3 10 4 6 6 5 1 5 4 3 4 6 7 8 84 91 88 81 95 86 85 84 91 96 85 86 94 96 81 91 80 81 90 94 6 36 31 19 10 17 32 37 32 31 22 36 21 41 27 18 17 36 43 68 92 99 110 75 102 101 95 77 61 79 105 68 11 16 11 6 10 12 0 14 11 9 69 98 85 99 82 85 103 25 22 18 26 19 25 13 16 20 22 17 27 23 23 16 11
75 15 17 12 19 12 8 20 18 15 11 11 17 10 19 18 9 87 92 90 84 99 90 89 86 92 99 86 89 95 99 86 93 84 85 91 96 19 48 39 30 18 21 44 51 45 34 29 41 35 53 41 30 27 50 54 68 93 103 111 81 107 102 100 82 74 93 118 81 23 15 24 16 6 21 14 0 8 9 81 110 98 111 94 97 116 39 36 32 40 32 39 27 29 33 36 30 40 37 37 4 13
76 11 15 9 12 8 8 16 14 12 7 11 14 10 14 12 4 79 86 83 77 91 82 82 79 85 91 79 82 88 92 78 86 77 77 84 89 18 41 31 23 11 13 38 46 39 26 21 34 31 46 36 24 20 47 47 74 99 107 117 84 111 108 104 86 73 88 117 79 23 20 23 10 2 22 11 8 0 2 74 104 91 104 86 90 109 34 30 28 35 27 34 23 24 28 30 24 33 33 33 8 6
77 9 13 6 11 6 6 14 11 10 4 9 12 9 12 10 1 80 86 84 77 92 82 82 79 86 92 80 82 89 92 78 86 77 77 85 89 16 40 30 22 10 13 36 44 37 27 21 33 28 44 34 22 18 44 46 73 98 106 116 83 109 107 103 85 70 86 115 76 21 19 21 8 2 20 9 9 2 0 72 102 90 102 85 89 107 32 28 26 33 25 32 21 22 26 28 22 32 31 30 9 5
78 66 67 69 61 69 74 62 64 68 69 72 67 73 62 63 72 66 76 66 63 64 58 57 67 77 69 73 61 79 66 53 75 56 55 76 77 68 33 45 51 62 63 36 37 38 57 53 48 51 28 45 51 54 46 27 123 143 141 158 116 138 153 134 120 64 39 97 64 68 83 67 65 74 74 69 81 74 72 0 31 18 31 14 17 35 46 47 55 47 51 45 57 54 50 47 52 42 50 50 81 68
79 96 96 99 91 99 103 92 93 97 99 102 96 102 92 93 102 86 96 85 84 80 76 75 88 97 85 94 80 98 81 73 94 76 74 96 96 97 62 75 81 92 93 66 63 67 88 84 78 79 58 73 80 84 70 57 146 164 158 178 134 154 173 151 139 78 41 99 75 96 112 95 95 104 102 98 110 104 102 31 0 13 13 22 14 7 74 76 82 74 80 73 86 83 79 76 81 71 78 77 111 98
80 83 84 86 79 86 91 79 81 85 87 89 83 90 79 80 89 78 88 77 75 74 69 67 80 89 78 86 72 90 75 65 87 68 66 89 89 84 50 63 68 80 81 53 51 54 75 71 66 67 45 60 68 71 59 44 135 154 149 168 125 146 163 142 129 70 36 96 68 84 99 82 82 92 90 85 98 91 90 18 13 0 17 13 1 18 62 64 70 62 67 61 73 70 66 63 69 59 65 65 99 85
81 97 98 100 92 99 104 93 94 98 100 103 97 104 93 94 102 76 86 75 74 69 66 64 78 87 74 84 70 87 70 63 84 66 65 86 85 99 64 74 81 93 92 67 67 69 85 83 75 82 58 76 81 84 75 57 152 171 167 186 142 163 180 159 147 87 52 111 85 99 114 97 95 105 105 99 111 104 102 31 13 17 0 17 18 10 77 78 85 77 82 76 88 85 81 77 83 73 81 80 111 98
82 80 81 83 74 82 87 76 77 81 82 86 80 87 76 76 85 65 76 65 63 61 56 55 67 77 66 73 60 78 62 52 74 55 54 76 76 82 46 56 64 75 75 50 51 52 68 65 58 65 41 59 64 67 60 39 137 157 154 172 129 152 166 147 133 76 46 106 75 82 97 81 78 87 88 82 94 86 85 14 22 13 17 0 12 24 60 61 69 61 65 59 71 68 64 60 66 56 64 64 94 80
83 82 83 85 78 85 90 78 80 84 86 88 82 89 78 79 88 77 88 77 75 73 68 67 79 88 78 85 72 89 74 64 86 67 66 88 88 83 49 62 67 79 80 53 50 53 74 70 65 66 44 60 67 71 58 43 134 153 149 168 124 146 163 142 129 70 36 96 68 83 99 82 81 91 89 85 97 90 89 17 14 1 18 12 0 19 61 63 69 61 66 60 73 69 65 62 68 58 65 64 98 84
84 101 102 104 96 104 109 97 98 102 104 107 101 108 97 98 107 86 96 85 84 78 76 74 88 97 84 94 80 97 80 72 94 76 74 96 95 102 68 80 86 97 98 71 69 72 91 88 82 85 63 78 85 89 76 62 152 171 165 185 141 161 180 157 146 85 48 105 82 102 117 100 100 109 108 103 116 109 107 35 7 18 10 24 19 0 80 81 88 80 85 79 91 88 84 81 87 76 83 83 116 103
85 24 23 27 23 27 31 19 21 24 28 29 23 30 20 22 31 80 89 82 77 87 78 77 80 89 89 83 79 92 88 73 88 73 73 88 91 23 15 25 16 24 29 14 12 8 35 23 33 5 21 2 14 19 14 24 79 101 103 118 77 103 111 97 81 44 54 88 49 22 38 21 24 34 28 25 39 34 32 46 74 62 77 60 61 80 0 5 9 2 7 1 12 10 6 6 10 8 4 4 41 30
86 20 20 24 18 23 28 16 17 21 24 26 20 27 16 18 27 76 85 79 73 84 75 74 77 85 86 79 76 88 85 70 85 70 70 84 88 21 15 21 11 19 24 13 16 9 31 18 29 6 21 7 9 14 19 23 80 103 105 120 80 106 112 100 83 49 58 93 54 21 36 20 20 30 27 22 36 30 28 47 76 64 78 61 63 81 5 0 9 7 4 4 10 7 3 1 6 6 7 6 37 25
87 17 15 20 19 20 24 12 15 17 22 21 15 22 14 17 25 84 93 87 81 92 83 82 84 93 94 87 84 96 93 78 92 78 78 92 95 15 23 28 16 19 26 21 20 16 36 23 36 4 29 10 14 18 18 31 71 94 97 111 72 98 104 92 75 46 61 90 51 14 30 12 18 28 19 18 32 28 26 55 82 70 85 69 69 88 9 9 0 9 6 9 5 6 6 9 9 14 5 5 34 25
88 25 23 28 24 28 32 20 22 25 29 29 23 30 21 23 32 82 91 84 79 89 80 79 82 91 91 85 81 94 90 75 91 75 75 90 94 23 17 27 18 25 31 16 11 9 38 25 35 5 22 1 16 21 12 25 77 100 101 116 75 101 109 95 79 42 53 86 47 22 38 21 25 35 28 26 40 35 33 47 74 62 77 61 61 80 2 7 9 0 9 3 13 11 8 8 12 10 4 3 42 31
89 17 17 20 16 20 25 12 14 18 21 22 16 23 13 15 24 78 87 81 75 86 77 76 78 87 88 81 78 90 87 72 86 72 72 86 89 17 18 22 10 17 22 16 19 13 31 18 30 5 24 9 8 13 21 26 77 100 103 117 78 104 110 98 81 50 61 94 55 18 32 16 17 27 23 19 32 27 25 51 80 67 82 65 66 85 7 4 6 9 0 7 6 3 1 4 4 9 7 6 34 23
90 24 23 27 23 27 31 19 21 25 28 29 23 30 20 22 31 79 88 81 76 86 77 76 79 88 88 82 78 91 87 72 87 72 72 87 90 23 14 24 15 24 29 13 12 7 35 23 32 6 20 3 13 19 15 23 80 102 104 119 78 104 112 98 82 45 54 89 50 23 38 21 24 34 29 25 39 34 32 45 73 61 76 59 60 79 1 4 9 3 7 0 13 10 6 5 10 7 5 4 41 29
91 12 10 15 13 15 19 7 9 12 16 16 10 17 9 11 19 82 90 85 79 91 82 81 82 90 92 84 82 93 92 77 90 77 77 89 93 11 25 26 13 14 21 22 24 19 32 20 33 8 30 14 11 15 24 33 71 95 99 112 74 101 105 94 77 51 66 95 57 12 26 10 13 22 17 13 27 23 21 57 86 73 88 71 73 91 12 10 5 13 6 13 0 4 7 11 6 16 10 10 29 19
92 14 13 17 13 17 21 9 11 15 18 19 13 20 10 12 21 79 87 82 76 88 79 78 79 87 89 81 79 90 89 74 87 73 74 86 90 14 21 23 10 14 21 18 22 16 30 17 30 7 27 12 8 13 23 29 75 98 102 116 77 103 108 97 80 51 64 96 57 15 29 14 14 24 21 16 29 24 22 54 83 70 85 68 69 88 10 7 6 11 3 10 4 0 4 7 3 12 9 9 31 20
93 18 17 21 17 21 25 13 15 19 22 23 17 24 14 16 25 78 87 81 75 86 77 76 78 87 88 81 78 90 87 72 87 72 72 86 90 18 18 22 11 18 23 15 18 12 31 19 30 4 23 8 9 14 20 26 77 100 103 117 78 104 110 98 81 49 60 93 54 18 33 17 18 28 24 20 33 28 26 50 79 66 81 64 65 84 6 3 6 8 1 6 7 4 0 4 4 9 6 6 35 24
94 21 21 24 18 24 28 16 18 22 24 26 20 27 16 18 27 75 84 78 72 83 74 73 76 84 85 78 75 87 84 69 84 69 69 83 87 21 14 20 10 19 24 12 16 9 30 18 28 7 20 8 8 14 20 22 81 104 106 121 81 107 113 101 84 50 58 94 54 22 37 21 20 30 28 22 36 30 28 47 76 63 77 60 62 81 6 1 9 8 4 5 11 7 4 0 6 5 8 7 37 25
95 15 15 18 12 17 22 10 12 16 18 20 14 21 10 12 21 76 84 79 73 85 76 75 76 84 86 79 76 87 86 71 84 70 71 83 87 16 19 20 7 13 19 16 22 15 27 15 27 8 25 13 5 10 24 27 78 101 105 119 80 106 111 100 83 53 64 98 58 18 31 17 14 24 23 17 30 24 22 52 81 69 83 66 68 87 10 6 9 12 4 10 6 3 4 6 0 10 11 10 31 19
96 25 25 28 21 28 32 21 22 26 28 30 25 31 21 22 31 72 81 74 69 79 70 69 72 81 81 75 71 84 80 65 80 65 65 80 83 26 9 17 11 22 25 7 15 6 29 18 26 11 15 9 10 15 21 17 86 109 111 125 85 111 118 105 89 51 56 95 55 27 41 26 24 34 33 27 40 33 32 42 71 59 73 56 58 76 8 6 14 10 9 7 16 12 9 5 10 0 12 11 41 28
97 22 20 25 22 25 29 17 19 22 26 26 20 27 18 21 29 83 92 86 80 91 82 81 84 93 93 87 83 95 92 77 92 77 77 92 95 20 20 28 17 23 29 18 15 12 37 25 36 2 25 5 15 21 14 28 74 97 99 114 73 99 106 93 77 42 56 87 48 18 35 17 23 32 24 23 37 33 31 50 78 65 81 64 65 83 4 7 5 4 7 5 10 9 6 8 11 12 0 1 39 29
98 22 20 25 22 25 29 17 19 22 26 26 20 27 18 21 29 82 91 85 79 90 81 80 83 92 92 86 82 94 91 76 91 76 76 91 94 20 19 27 16 23 29 17 15 11 37 24 35 2 25 4 14 20 14 27 75 98 100 114 74 100 107 94 78 43 56 88 48 19 35 17 23 32 25 23 37 33 30 50 77 65 80 64 64 83 4 6 5 3 6 4 10 9 6 7 10 11 1 0 39 28
99 17 20 14 20 14 11 22 20 17 13 14 20 13 21 19 10 85 90 88 82 97 88 88 84 90 97 84 87 93 98 84 91 82 83 89 93 22 49 39 31 19 20 45 53 46 32 29 40 37 53 43 31 27 53 55 71 96 106 115 84 110 105 103 85 77 95 121 84 26 18 27 17 7 24 16 4 8 9 81 111 99 111 94 98 116 41 37 34 42 34 41 29 31 35 37 31 41 39 39 0 13
100 9 14 8 7 7 10 13 11 11 6 12 13 12 11 8 5 75 82 79 73 87 78 77 75 82 87 76 77 85 87 73 82 72 73 81 85 17 36 25 17 6 8 32 41 34 22 16 28 27 40 32 18 14 43 41 77 102 109 120 86 113 111 106 88 70 83 114 76 22 24 22 6 7 23 11 13 6 5 68 98 85 98 80 84 103 30 25 25 31 23 29 19 20 24 25 19 28 29 28 13 0
;