#nodos de la red - 1000 es el nodo origen
set Nodos:= 1000 1 2 3 4 5 6 7 8 9 10 11 12 13 14 15 16 17 18 19 20 21 22 23 24 25 26 27 28 29 30 31 32 33 34 35;

#predios productores
set I:= 1 2 3 4 5 6 7 8 9 10 11 12 13 14 15 16 17 18 19 20 21 22 23 24 25 26 27 28 29 30 31 32 33 34 35;

#camiones disponibles
set K:= 1 2 3;

#capacidades de camiones
param Q:=
1 20000
2 15000
3 15000
;

#demanda por tipo de leche
param D:=
25900	
14700	
3600

;

#ingreso por tipo de leche
param V:=
1.0
0.7
0.3
;

#cotas de tipo de leche
param U:=
5
10
300
;

#produccion de cada predio
param qu :=
1000 0
1	100	1	1
2	1400	1	2
3	1500	1	4
4	1100	1	1
5	1800	1	1
6	200	1	2
7	2200	1	4
8	700	1	3
9	1800	1	2
10	2300	1	2
11	1200	1	5
12	2100	1	5
13	200	1	3
14	1400	1	3
15	900	1	4
16	1000	1	2
17	400	1	4
18	1900	1	4
19	200	1	3
20	2000	1	4
21	1500	1	5
22	1100	2	6
23	600	2	9
24	1300	2	10
25	1900	2	10
26	1300	2	10
27	800	2	7
28	1500	2	6
29	1800	2	6
30	1100	2	10
31	2100	2	9
32	1200	2	9
33	200	3	16
34	2300	3	19
35	1100	3	19

;

#costos de transporte
param c[*,*]
: 1000 1 2 3 4 5 6 7 8 9 10 11 12 13 14 15 16 17 18 19 20 21 22 23 24 25 26 27 28 29 30 31 32 33 34 35 :=
1000 0 33 72 71 106 22 70 17 79 49 10 28 61 77 55 57 13 72 62 89 26 56 60 70 46 32 14 47 54 77 72 79 64 70 60 76
1 33 0 89 70 101 37 71 49 101 54 42 18 58 46 64 83 24 46 38 78 48 32 33 78 24 26 43 29 58 53 47 69 37 48 70 94
2 72 89 0 44 66 54 39 60 19 39 65 71 48 108 28 30 84 95 87 69 46 84 90 23 79 65 59 74 38 92 93 64 92 84 23 6
3 71 70 44 0 35 50 4 69 63 23 69 53 12 71 22 64 77 56 51 26 50 51 56 21 50 45 62 44 17 52 55 20 57 44 24 49
4 106 101 66 35 0 85 37 104 84 58 105 86 46 88 56 93 112 74 73 26 86 76 79 46 78 78 98 73 52 66 72 33 78 62 55 70
5 22 37 54 50 85 0 48 22 65 27 21 21 40 70 34 47 31 62 51 69 11 46 51 49 37 19 15 35 33 64 61 59 55 56 39 59
6 70 71 39 4 37 48 0 67 58 21 68 54 14 74 19 60 77 60 54 30 48 54 59 16 52 46 61 46 16 56 58 24 60 48 20 45
7 17 49 60 69 104 22 67 0 64 46 7 39 61 89 50 41 31 83 72 90 18 67 71 63 57 40 8 56 52 86 82 81 75 78 53 63
8 79 101 19 63 84 65 58 64 0 55 70 84 67 124 46 25 92 112 103 88 54 100 106 42 94 78 65 89 56 110 111 82 109 101 40 14
9 49 54 39 23 58 27 21 46 55 0 47 36 16 69 11 48 56 57 48 46 28 46 51 24 40 28 40 35 6 56 56 36 54 47 17 44
10 10 42 65 69 105 21 68 7 70 47 0 34 60 84 52 48 23 78 68 90 21 62 66 66 52 36 7 52 52 82 78 80 70 74 56 68
11 28 18 71 53 86 21 54 39 84 36 34 0 41 50 46 68 27 44 34 65 33 28 32 60 18 8 32 19 40 49 44 55 36 42 52 77
12 61 58 48 12 46 40 14 61 67 16 60 41 0 61 22 63 66 47 40 30 43 40 45 27 38 33 54 32 12 44 46 20 47 35 26 54
13 77 46 108 71 88 70 74 89 124 69 84 50 61 0 79 114 70 15 21 62 80 24 19 88 33 51 82 36 70 22 16 57 16 27 85 113
14 55 64 28 22 56 34 19 50 46 11 52 46 22 79 0 42 65 66 58 48 31 56 62 15 51 38 44 46 10 64 65 40 64 56 6 34
15 57 83 30 64 93 47 60 41 25 48 48 68 63 114 42 0 70 103 93 90 36 89 95 47 81 64 43 78 51 103 102 82 98 94 40 30
16 13 24 84 77 112 31 77 31 92 56 23 27 66 70 65 70 0 68 59 92 38 52 55 79 43 34 27 46 62 74 68 82 59 68 70 88
17 72 46 95 56 74 62 60 83 112 57 78 44 47 15 66 103 68 0 10 48 71 16 13 74 26 43 75 27 57 9 2 43 9 13 72 100
18 62 38 87 51 73 51 54 72 103 48 68 34 40 21 58 93 59 10 0 47 61 6 6 67 16 33 64 16 48 15 10 40 6 12 64 92
19 89 78 69 26 26 69 30 90 88 46 90 65 30 62 48 90 92 48 47 0 73 51 53 46 55 58 83 49 41 40 46 10 53 36 50 74
20 26 48 46 50 86 11 48 18 54 28 21 33 43 80 31 36 38 71 61 73 0 56 62 45 47 30 13 45 33 73 71 63 65 65 35 50
21 56 32 84 51 76 46 54 67 100 46 62 28 40 24 56 89 52 16 6 51 56 0 6 66 10 27 59 12 47 22 16 43 9 17 62 90
22 60 33 90 56 79 51 59 71 106 51 66 32 45 19 62 95 55 13 6 53 62 6 0 72 15 32 64 17 52 20 13 46 4 18 68 96
23 70 78 23 21 46 49 16 63 42 24 66 60 27 88 15 47 79 74 67 46 45 66 72 0 63 52 58 57 20 71 73 40 73 62 10 29
24 46 24 79 50 78 37 52 57 94 40 52 18 38 33 51 81 43 26 16 55 47 10 15 63 0 18 49 6 42 31 26 46 18 25 57 84
25 32 26 65 45 78 19 46 40 78 28 36 8 33 51 38 64 34 43 33 58 30 27 32 52 18 0 32 16 32 46 42 48 36 38 45 70
26 14 43 59 62 98 15 61 8 65 40 7 32 54 82 44 43 27 75 64 83 13 59 64 58 49 32 0 48 45 78 74 73 67 70 48 62
27 47 29 74 44 73 35 46 56 89 35 52 19 32 36 46 78 46 27 16 49 45 12 17 57 6 16 48 0 37 30 26 40 21 23 52 79
28 54 58 38 17 52 33 16 52 56 6 52 40 12 70 10 51 62 57 48 41 33 47 52 20 42 32 45 37 0 54 55 32 54 46 16 44
29 77 53 92 52 66 64 56 86 110 56 82 49 44 22 64 103 74 9 15 40 73 22 20 71 31 46 78 30 54 0 7 36 17 9 70 98
30 72 47 93 55 72 61 58 82 111 56 78 44 46 16 65 102 68 2 10 46 71 16 13 73 26 42 74 26 55 7 0 41 10 11 71 99
31 79 69 64 20 33 59 24 81 82 36 80 55 20 57 40 82 82 43 40 10 63 43 46 40 46 48 73 40 32 36 41 0 46 30 43 69
32 64 37 92 57 78 55 60 75 109 54 70 36 47 16 64 98 59 9 6 53 65 9 4 73 18 36 67 21 54 17 10 46 0 16 70 98
33 70 48 84 44 62 56 48 78 101 47 74 42 35 27 56 94 68 13 12 36 65 17 18 62 25 38 70 23 46 9 11 30 16 0 61 89
34 60 70 23 24 55 39 20 53 40 17 56 52 26 85 6 40 70 72 64 50 35 62 68 10 57 45 48 52 16 70 71 43 70 61 0 28
35 76 94 6 49 70 59 45 63 14 44 68 77 54 113 34 30 88 100 92 74 50 90 96 29 84 70 62 79 44 98 99 69 98 89 28 0
;