#nodos de la red - 1000 es el nodo origen
set Nodos:= 1000 1 2 3 4 5 6 7 8 9 10 11 12 13 14 15 16 17 18 19 20 21 22 23 24 25 26 27 28 29 30 31 32;

#predios productores
set I:= 1 2 3 4 5 6 7 8 9 10 11 12 13 14 15 16 17 18 19 20 21 22 23 24 25 26 27 28 29 30 31 32;

#camiones disponibles
set K:= 1 2 3;

#capacidades de camiones
param Q:=
1 25000
2 20000
3 15000
;

#demanda por tipo de leche
param D:=
27300	
12600	
4700
;

#ingreso por tipo de leche
param V:=
1.0
0.7
0.3
;

#cotas de tipo de leche
param U:=
5
10
300
;

#produccion de cada predio
param qu :=
1000	0		
1	500	1	1
2	2300	1	1
3	1400	1	5
4	1300	1	1
5	800	1	3
6	1800	1	4
7	1900	1	3
8	1000	1	5
9	1800	1	1
10	2000	1	1
11	500	1	2
12	900	1	5
13	2300	1	2
14	900	1	1
15	1800	1	3
16	1000	1	2
17	2400	1	4
18	1300	1	2
19	1400	1	3
20	800	2	7
21	1000	2	8
22	1900	2	9
23	1400	2	10
24	1300	2	7
25	1400	2	6
26	200	2	9
27	2300	2	10
28	1500	2	10
29	800	2	7
30	2000	3	19
31	2400	3	18
32	300	3	20

;

#costos de transporte
param c[*,*]
: 1000 1 2 3 4 5 6 7 8 9 10 11 12 13 14 15 16 17 18 19 20 21 22 23 24 25 26 27 28 29 30 31 32 :=
1000 0 45 15 45 36 61 24 73 64 65 55 18 41 56 39 20 39 72 19 33 31 40 8 11 22 61 65 61 17 40 61 30 40
1 45 0 59 58 78 100 35 117 109 80 89 28 80 101 10 51 54 94 27 19 76 9 46 35 46 98 107 98 30 30 97 17 85
2 15 59 0 55 31 56 31 64 54 72 55 31 39 45 52 29 49 76 34 45 22 52 19 25 24 58 57 58 32 54 59 44 26
3 45 58 55 0 45 55 64 78 74 23 39 49 40 72 60 26 6 36 42 61 54 60 38 41 67 50 68 50 40 28 47 44 71
4 36 78 31 45 0 25 60 38 31 52 26 53 9 27 74 29 41 51 52 69 13 74 33 44 55 27 29 27 49 60 28 61 29
5 61 100 56 55 25 0 85 25 26 51 17 77 20 30 97 49 53 41 74 93 36 97 56 67 80 7 15 6 71 77 10 82 47
6 24 35 31 64 60 85 0 95 85 85 79 15 65 76 26 42 57 94 23 17 53 27 30 22 11 85 88 85 24 47 85 28 56
7 73 117 64 78 38 25 95 0 11 75 41 91 39 21 112 67 75 65 90 106 43 112 71 82 88 31 10 30 87 98 34 99 45
8 64 109 54 74 31 26 85 11 0 75 41 82 35 10 103 60 71 67 82 97 33 104 62 73 78 33 12 32 79 92 36 91 34
9 65 80 72 23 52 51 85 75 75 0 34 71 44 75 82 45 28 17 64 84 64 82 57 63 87 44 66 45 62 50 41 66 81
10 55 89 55 39 26 17 79 41 41 34 0 69 17 42 87 39 38 27 65 85 39 87 49 59 77 11 31 12 62 64 8 72 54
11 18 28 31 49 53 77 15 91 82 71 69 0 57 74 21 30 43 81 8 16 49 22 21 10 22 76 82 76 9 33 76 15 57
12 41 80 39 40 9 20 65 39 35 44 17 57 0 32 76 29 37 42 54 73 23 77 36 47 61 20 29 20 51 59 20 62 38
13 56 101 45 72 27 30 76 21 10 75 42 74 32 0 95 55 68 69 74 89 25 96 55 66 69 36 19 35 71 86 39 84 24
14 39 10 52 60 74 97 26 112 103 82 87 21 76 95 0 48 55 95 22 9 70 1 41 30 36 95 103 96 26 34 94 16 78
15 20 51 29 26 29 49 42 67 60 45 39 30 29 55 48 0 20 53 25 45 32 48 12 20 42 47 57 48 22 32 47 33 47
16 39 54 49 6 41 53 57 75 71 28 38 43 37 68 55 20 0 40 36 56 49 55 31 35 60 49 65 50 34 26 47 39 65
17 72 94 76 36 51 41 94 65 67 17 27 81 42 69 95 53 40 0 75 95 64 95 64 72 94 34 56 35 73 65 31 79 80
18 19 27 34 42 52 74 23 90 82 64 65 8 54 74 22 25 36 75 0 20 50 23 19 9 29 73 81 73 3 25 72 10 60
19 33 19 45 61 69 93 17 106 97 84 85 16 73 89 9 45 56 95 20 0 64 10 37 26 28 92 98 92 23 38 91 18 71
20 31 76 22 54 13 36 53 43 33 64 39 49 23 25 70 32 49 64 50 64 0 71 31 41 46 39 36 39 47 64 41 60 17
21 40 9 52 60 74 97 27 112 104 82 87 22 77 96 1 48 55 95 23 10 71 0 42 31 37 96 103 96 26 34 95 16 79
22 8 46 19 38 33 56 30 71 62 57 49 21 36 55 41 12 31 64 19 37 31 42 0 11 30 56 62 56 16 35 55 29 42
23 11 35 25 41 44 67 22 82 73 63 59 10 47 66 30 20 35 72 9 26 41 31 11 0 26 66 73 66 6 30 66 19 51
24 22 46 24 67 55 80 11 88 78 87 77 22 61 69 36 42 60 94 29 28 46 37 30 26 0 81 81 81 30 54 82 36 47
25 61 98 58 50 27 7 85 31 33 44 11 76 20 36 95 47 49 34 73 92 39 96 56 66 81 0 22 1 70 74 3 80 52
26 65 107 57 68 29 15 88 10 12 66 31 82 29 19 103 57 65 56 81 98 36 103 62 73 81 22 0 21 78 88 25 90 41
27 61 98 58 50 27 6 85 30 32 45 12 76 20 35 96 48 50 35 73 92 39 96 56 66 81 1 21 0 70 74 4 81 51
28 17 30 32 40 49 71 24 87 79 62 62 9 51 71 26 22 34 73 3 23 47 26 16 6 30 70 78 70 0 25 69 13 57
29 40 30 54 28 60 77 47 98 92 50 64 33 59 86 34 32 26 65 25 38 64 34 35 30 54 74 88 74 25 0 72 21 77
30 61 97 59 47 28 10 85 34 36 41 8 76 20 39 94 47 47 31 72 91 41 95 55 66 82 3 25 4 69 72 0 79 54
31 30 17 44 44 61 82 28 99 91 66 72 15 62 84 16 33 39 79 10 18 60 16 29 19 36 80 90 81 13 21 79 0 70
32 40 85 26 71 29 47 56 45 34 81 54 57 38 24 78 47 65 80 60 71 17 79 42 51 47 52 41 51 57 77 54 70 0
;