#nodos de la red - 1000 es el nodo origen
set Nodos:= 1000 1 2 3 4 5 6 7 8 9 10 11 12 13 14 15 16 17 18 19 20 21 22 23 24 25 26 27 28 29 30 31 32 33 34 35 36 37 38 39 40 41 42 43;

#predios productores
set I:= 1 2 3 4 5 6 7 8 9 10 11 12 13 14 15 16 17 18 19 20 21 22 23 24 25 26 27 28 29 30 31 32 33 34 35 36 37 38 39 40 41 42 43;

#camiones disponibles
set K:= 1 2 3;

#capacidades de camiones
param Q:=
1 25000
2 20000
3 15000
;

#demanda por tipo de leche
param D:=
31900	
20200	
4900

;

#ingreso por tipo de leche
param V:=
1.0
0.7
0.3
;

#cotas de tipo de leche
param U:=
5
10
300
;

#produccion de cada predio
param qu :=
1000 0
1	800	1	2
2	2400	1	3
3	900	1	3
4	1900	1	3
5	900	1	4
6	1800	1	5
7	900	1	5
8	1400	1	4
9	300	1	5
10	1400	1	4
11	800	1	4
12	800	1	1
13	1300	1	5
14	1800	1	3
15	400	1	2
16	2400	1	3
17	1400	1	2
18	800	1	5
19	1800	1	2
20	1300	1	5
21	200	1	1
22	900	1	4
23	1800	1	3
24	300	1	5
25	2400	1	5
26	800	1	3
27	2400	2	7
28	1400	2	7
29	1300	2	10
30	2400	2	10
31	2300	2	9
32	900	2	7
33	1300	2	9
34	1400	2	9
35	1400	2	6
36	1800	2	8
37	2400	2	7
38	400	2	10
39	800	2	7
40	1300	3	19
41	400	3	19
42	1400	3	11
43	1800	3	19

;

#costos de transporte
param c[*,*]
: 1000 1 2 3 4 5 6 7 8 9 10 11 12 13 14 15 16 17 18 19 20 21 22 23 24 25 26 27 28 29 30 31 32 33 34 35 36 37 38 39 40 41 42 43 :=
1000 0 89 21 33 21 53 32 30 15 40 58 64 34 67 42 23 88 29 99 29 80 69 30 57 42 39 50 34 27 51 61 9 78 45 30 89 36 74 44 37 56 32 84 59
1 89 0 75 55 72 97 57 111 91 62 65 61 55 72 76 90 43 61 14 81 27 90 63 34 84 49 58 91 95 41 32 87 93 77 67 1 64 78 65 57 33 75 79 40
2 21 75 0 24 26 68 21 51 34 19 62 67 29 47 22 40 84 27 87 42 73 80 12 47 54 27 51 50 45 35 52 28 89 55 34 76 16 81 23 36 42 12 90 41
3 33 55 24 0 19 58 4 57 37 26 42 45 6 55 38 38 60 9 66 33 49 64 16 24 43 7 30 44 44 21 29 33 71 40 19 56 23 61 32 14 24 31 69 32
4 21 72 26 19 0 42 21 38 19 39 38 44 17 69 47 19 68 11 82 16 61 54 27 39 28 26 29 26 25 40 42 16 62 28 9 73 35 55 45 17 42 37 66 51
5 53 97 68 58 42 0 61 40 39 81 34 40 52 112 90 31 72 49 101 26 75 22 69 66 15 64 39 19 28 78 66 44 30 20 39 98 78 35 87 46 76 80 45 89
6 32 57 21 4 21 61 0 58 38 21 46 50 11 51 34 40 64 13 68 36 52 68 11 27 47 7 34 47 46 20 32 33 76 44 22 57 19 65 28 19 24 26 74 30
7 30 111 51 57 38 40 58 0 20 70 62 69 55 97 72 21 99 50 119 32 96 61 59 77 38 64 60 26 17 78 80 25 70 45 44 112 66 72 74 54 81 62 83 87
8 15 91 34 37 19 39 38 20 0 51 49 56 36 80 56 9 84 30 100 18 79 57 40 58 29 44 44 20 12 58 61 6 66 34 25 92 48 63 56 35 61 45 74 68
9 40 62 19 26 39 81 21 70 51 0 67 70 32 31 15 56 81 33 75 55 66 89 12 41 67 23 55 65 62 22 46 45 97 65 43 62 4 87 6 40 31 13 95 23
10 58 65 62 42 38 34 46 62 49 67 0 7 36 96 80 43 38 36 68 32 41 26 57 38 25 45 12 37 45 56 36 50 31 18 29 66 65 19 74 28 50 72 28 67
11 64 61 67 45 44 40 50 69 56 70 7 0 39 98 84 50 31 40 63 39 36 29 61 37 33 48 16 44 52 57 34 57 33 25 35 62 68 18 77 32 50 76 24 67
12 34 55 29 6 17 52 11 55 36 32 36 39 0 62 45 35 56 6 65 29 46 57 22 23 38 12 24 40 41 25 26 32 65 34 14 56 30 55 38 8 26 37 63 37
13 67 72 47 55 69 112 51 97 80 31 96 98 62 0 26 86 103 64 86 85 86 119 43 64 97 51 84 95 91 43 69 74 127 95 73 72 34 115 25 69 51 36 123 34
14 42 76 22 38 47 90 34 72 56 15 80 84 45 26 0 62 96 45 89 63 81 100 23 56 76 37 68 72 67 36 61 49 108 75 53 76 16 99 11 52 46 10 108 36
15 23 90 40 38 19 31 40 21 9 56 43 50 35 86 62 0 78 30 98 11 75 48 44 56 21 45 39 12 6 59 59 13 57 26 23 91 52 55 61 33 61 51 66 70
16 88 43 84 60 68 72 64 99 84 81 38 31 56 103 96 78 0 60 38 67 18 57 75 39 64 59 40 74 82 61 35 83 57 56 59 44 80 42 86 51 51 90 39 68
17 29 61 27 9 11 49 13 50 30 33 36 40 6 64 45 30 60 0 71 24 51 56 22 28 34 16 25 35 36 30 32 26 64 31 10 62 30 55 40 9 31 36 64 41
18 99 14 87 66 82 101 68 119 100 75 68 63 65 86 89 98 38 71 0 88 26 91 75 42 90 61 63 98 103 54 39 97 93 82 75 14 77 78 78 65 45 88 77 54
19 29 81 42 33 16 26 36 32 18 55 32 39 29 85 63 11 67 24 88 0 65 40 43 48 13 40 28 11 15 54 50 20 49 16 15 82 51 45 61 25 54 53 56 65
20 80 27 73 49 61 75 52 96 79 66 41 36 46 86 81 75 18 51 26 65 0 65 62 25 64 46 38 73 80 45 21 76 67 57 53 28 66 52 71 44 35 77 52 51
21 69 90 80 64 54 22 68 61 57 89 26 29 57 119 100 48 57 56 91 40 65 0 78 64 27 69 37 37 47 80 62 60 9 25 47 91 86 15 95 50 76 91 24 92
22 30 63 12 16 27 69 11 59 40 12 57 61 22 43 23 44 75 22 75 43 62 78 0 37 55 16 46 53 50 23 42 34 86 53 31 64 9 76 18 30 31 15 85 30
23 57 34 47 24 39 66 27 77 58 41 38 37 23 64 56 56 39 28 42 48 25 64 37 0 52 21 27 58 62 22 5 55 69 46 34 34 41 55 47 23 13 51 60 31
24 42 84 54 43 28 15 47 38 29 67 25 33 38 97 76 21 64 34 90 13 64 27 55 52 0 49 27 12 21 63 53 33 36 8 24 85 63 34 73 31 61 66 46 74
25 39 49 27 7 26 64 7 64 44 23 45 48 12 51 37 45 59 16 61 40 46 69 16 21 49 0 33 51 51 14 25 39 76 46 25 50 22 65 29 19 17 31 72 25
26 50 58 51 30 29 39 34 60 44 55 12 16 24 84 68 39 40 25 63 28 38 37 46 27 27 33 0 36 42 44 27 43 43 20 20 59 53 31 62 16 39 60 39 55
27 34 91 50 44 26 19 47 26 20 65 37 44 40 95 72 12 74 35 98 11 73 37 53 58 12 51 36 0 10 65 60 25 46 19 26 92 61 46 71 36 65 62 57 76
28 27 95 45 44 25 28 46 17 12 62 45 52 41 91 67 6 82 36 103 15 80 47 50 62 21 51 42 10 0 65 64 18 56 28 28 96 58 56 67 38 67 57 67 76
29 51 41 35 21 40 78 20 78 58 22 56 57 25 43 36 59 61 30 54 54 45 80 23 22 63 14 44 65 65 0 27 52 87 59 39 41 23 74 26 32 10 34 81 12
30 61 32 52 29 42 66 32 80 61 46 36 34 26 69 61 59 35 32 39 50 21 62 42 5 53 25 27 60 64 27 0 58 67 46 36 33 46 53 52 26 17 56 57 35
31 9 87 28 33 16 44 33 25 6 45 50 57 32 74 49 13 83 26 97 20 76 60 34 55 33 39 43 25 18 52 58 0 69 36 24 88 41 65 50 33 56 39 76 62
32 78 93 89 71 62 30 76 70 66 97 31 33 65 127 108 57 57 64 93 49 67 9 86 69 36 76 43 46 56 87 67 69 0 34 55 94 94 15 103 57 81 99 20 98
33 45 77 55 40 28 20 44 45 34 65 18 25 34 95 75 26 56 31 82 16 57 25 53 46 8 46 20 19 28 59 46 36 34 0 22 78 62 29 71 27 56 65 40 70
34 30 67 34 19 9 39 22 44 25 43 29 35 14 73 53 23 59 10 75 15 53 47 31 34 24 25 20 26 28 39 36 24 55 22 0 68 40 47 49 10 39 44 57 51
35 89 1 76 56 73 98 57 112 92 62 66 62 56 72 76 91 44 62 14 82 28 91 64 34 85 50 59 92 96 41 33 88 94 78 68 0 64 79 65 58 33 75 80 41
36 36 64 16 23 35 78 19 66 48 4 65 68 30 34 16 52 80 30 77 51 66 86 9 41 63 22 53 61 58 23 46 41 94 62 40 64 0 84 9 37 32 11 93 26
37 74 78 81 61 55 35 65 72 63 87 19 18 55 115 99 55 42 55 78 45 52 15 76 55 34 65 31 46 56 74 53 65 15 29 47 79 84 0 93 47 68 90 11 85
38 44 65 23 32 45 87 28 74 56 6 74 77 38 25 11 61 86 40 78 61 71 95 18 47 73 29 62 71 67 26 52 50 103 71 49 65 9 93 0 46 36 14 101 25
39 37 57 36 14 17 46 19 54 35 40 28 32 8 69 52 33 51 9 65 25 44 50 30 23 31 19 16 36 38 32 26 33 57 27 10 58 37 47 46 0 30 44 55 43
40 56 33 42 24 42 76 24 81 61 31 50 50 26 51 46 61 51 31 45 54 35 76 31 13 61 17 39 65 67 10 17 56 81 56 39 33 32 68 36 30 0 43 74 18
41 32 75 12 31 37 80 26 62 45 13 72 76 37 36 10 51 90 36 88 53 77 91 15 51 66 31 60 62 57 34 56 39 99 65 44 75 11 90 14 44 43 0 99 37
42 84 79 90 69 66 45 74 83 74 95 28 24 63 123 108 66 39 64 77 56 52 24 85 60 46 72 39 57 67 81 57 76 20 40 57 80 93 11 101 55 74 99 0 91
43 59 40 41 32 51 89 30 87 68 23 67 67 37 34 36 70 68 41 54 65 51 92 30 31 74 25 55 76 76 12 35 62 98 70 51 41 26 85 25 43 18 37 91 0
;