#nodos de la red - 1000 es el nodo origen
set Nodos:= 1000 1 2 3 4 5 6 7 8 9 10 11 12 13 14 15 16 17 18 19 20 21 22 23 24 25 26 27 28 29 30 31 32 33 34 35 36 37;

#predios productores
set I:= 1 2 3 4 5 6 7 8 9 10 11 12 13 14 15 16 17 18 19 20 21 22 23 24 25 26 27 28 29 30 31 32 33 34 35 36 37;

#camiones disponibles
set K:= 1 2 3;

#capacidades de camiones
param Q:=
1 20000
2 20000
3 10000
;

#demanda por tipo de leche
param D:=
29000	
12600	
6500

;

#ingreso por tipo de leche
param V:=
1.0
0.7
0.3
;

#cotas de tipo de leche
param U:=
5
10
300
;

#produccion de cada predio
param qu :=
1000 0
1	1200	1	1
2	500	1	3
3	800	1	3
4	1200	1	2
5	1800	1	5
6	1200	1	2
7	1100	1	3
8	1900	1	3
9	2300	1	4
10	800	1	5
11	2500	1	5
12	100	1	2
13	500	1	5
14	1700	1	3
15	1300	1	5
16	900	1	3
17	1300	1	1
18	1900	1	5
19	500	1	1
20	2600	1	4
21	900	1	5
22	2000	1	2
23	2100	2	8
24	800	2	10
25	1200	2	10
26	1300	2	8
27	1200	2	6
28	400	2	7
29	1900	2	9
30	2500	2	7
31	700	2	10
32	300	2	9
33	200	2	10
34	2400	3	13
35	1300	3	13
36	1400	3	13
37	1400	3	12

;

#costos de transporte
param c[*,*]
: 1000 1 2 3 4 5 6 7 8 9 10 11 12 13 14 15 16 17 18 19 20 21 22 23 24 25 26 27 28 29 30 31 32 33 34 35 36 37 :=
1000 0 72 16 70 75 44 44 38 38 16 30 59 60 27 8 43 74 33 31 33 28 24 48 54 6 61 52 54 35 42 38 43 22 42 41 56 32 49
1 72 0 81 12 22 85 34 84 56 63 41 94 16 90 80 112 25 85 44 42 86 48 93 51 76 29 26 92 56 32 34 60 88 58 34 59 88 61
2 16 81 0 77 88 58 57 52 36 18 41 73 67 11 11 31 87 18 45 46 40 33 61 52 10 74 58 68 51 54 47 59 32 38 54 51 16 65
3 70 12 77 0 34 89 39 88 48 59 40 100 10 85 77 107 37 78 46 44 88 46 97 40 73 38 19 97 61 35 32 65 88 50 37 48 82 68
4 75 22 88 34 0 76 32 77 70 71 47 82 34 98 84 117 4 95 44 43 83 56 84 68 81 16 42 82 50 34 42 50 87 73 34 77 98 50
5 44 85 58 89 76 0 51 6 78 58 54 15 80 67 48 73 73 76 44 46 20 55 8 91 49 60 78 10 29 54 61 26 30 82 52 95 75 27
6 44 34 57 39 32 51 0 50 48 42 18 61 31 68 52 86 30 67 13 11 53 27 59 53 50 17 31 59 22 6 18 27 56 52 4 60 69 30
7 38 84 52 88 77 6 50 0 74 53 51 21 79 61 42 67 74 70 42 44 14 52 10 87 43 61 75 15 28 53 58 27 24 78 51 91 69 30
8 38 56 36 48 70 78 48 74 0 22 31 92 40 41 42 64 71 31 42 41 66 24 83 16 38 63 30 88 57 42 30 65 61 4 44 17 35 71
9 16 63 18 59 71 58 42 53 22 0 24 73 49 27 20 48 70 25 31 32 44 16 62 38 16 59 40 68 42 38 30 50 38 26 38 39 27 56
10 30 41 41 40 47 54 18 51 31 24 0 67 30 51 38 71 46 49 12 11 49 9 61 39 35 35 25 63 28 13 8 36 48 35 15 45 51 41
11 59 94 73 100 82 15 61 21 92 73 67 0 91 82 63 86 78 91 56 58 34 69 14 105 64 67 90 6 39 65 73 34 44 97 63 109 90 33
12 60 16 67 10 34 80 31 79 40 49 30 91 0 75 67 98 36 69 37 35 78 35 88 35 63 34 10 89 52 26 22 57 78 42 29 43 72 60
13 27 90 11 85 98 67 68 61 41 27 51 82 75 0 20 23 97 13 56 57 48 42 69 56 20 85 66 76 62 64 57 69 39 42 64 54 10 75
14 8 80 11 77 84 48 52 42 42 20 38 63 67 20 0 34 82 29 40 41 30 32 50 58 4 69 59 57 43 50 46 50 21 45 50 58 27 56
15 43 112 31 107 117 73 86 67 64 48 71 86 98 23 34 0 116 34 74 75 53 63 72 79 37 103 89 80 76 84 78 82 43 65 83 76 30 88
16 74 25 87 37 4 73 30 74 71 70 46 78 36 97 82 116 0 95 43 41 80 55 81 70 79 13 44 78 47 33 42 47 84 74 33 78 97 46
17 33 85 18 78 95 76 67 70 31 25 49 91 69 13 29 34 95 0 56 57 58 40 79 46 27 84 60 85 66 63 53 74 49 32 64 42 4 80
18 31 44 45 46 44 44 13 42 42 31 12 56 37 56 40 74 43 56 0 2 42 18 51 50 37 30 34 53 17 12 17 24 44 46 11 56 58 30
19 33 42 46 44 43 46 11 44 41 32 11 58 35 57 41 75 41 57 2 0 44 18 53 49 38 28 32 55 18 10 16 26 46 46 9 55 58 31
20 28 86 40 88 83 20 53 14 66 44 49 34 78 48 30 53 80 58 42 44 0 47 21 81 32 66 73 28 33 54 57 36 10 70 52 83 56 40
21 24 48 33 46 56 55 27 52 24 16 9 69 35 42 32 63 55 40 18 18 47 0 62 35 28 44 28 65 33 22 14 41 44 29 23 40 42 47
22 48 93 61 97 84 8 59 10 83 62 61 14 88 69 50 72 81 79 51 53 21 62 0 97 52 68 85 8 36 62 68 34 31 88 60 100 77 35
23 54 51 52 40 68 91 53 87 16 38 39 105 35 56 58 79 70 46 50 49 81 35 97 0 54 64 26 100 67 47 35 75 76 14 49 8 49 80
24 6 76 10 73 81 49 50 43 38 16 35 64 63 20 4 37 79 27 37 38 32 28 52 54 0 67 55 58 42 47 42 49 24 41 47 55 26 55
25 61 29 74 38 16 60 17 61 63 59 35 67 34 85 69 103 13 84 30 28 66 44 68 64 67 0 39 66 34 22 33 34 71 66 21 72 86 34
26 52 26 58 19 42 78 31 75 30 40 25 90 10 66 59 89 44 60 34 32 73 28 85 26 55 39 0 87 50 25 17 57 72 32 28 34 63 61
27 54 92 68 97 82 10 59 15 88 68 63 6 89 76 57 80 78 85 53 55 28 65 8 100 58 66 87 0 37 63 70 33 38 92 60 105 84 32
28 35 56 51 61 50 29 22 28 57 42 28 39 52 62 43 76 47 66 17 18 33 33 36 67 42 34 50 37 0 26 34 8 38 62 23 73 66 14
29 42 32 54 35 34 54 6 53 42 38 13 65 26 64 50 84 33 63 12 10 54 22 62 47 47 22 25 63 26 0 12 32 56 46 3 54 64 35
30 38 34 47 32 42 61 18 58 30 30 8 73 22 57 46 78 42 53 17 16 57 14 68 35 42 33 17 70 34 12 0 41 56 34 15 42 56 46
31 43 60 59 65 50 26 27 27 65 50 36 34 57 69 50 82 47 74 24 26 36 41 34 75 49 34 57 33 8 32 41 0 43 70 29 81 74 6
32 22 88 32 88 87 30 56 24 61 38 48 44 78 39 21 43 84 49 44 46 10 44 31 76 24 71 72 38 38 56 56 43 0 64 54 78 47 47
33 42 58 38 50 73 82 52 78 4 26 35 97 42 42 45 65 74 32 46 46 70 29 88 14 41 66 32 92 62 46 34 70 64 0 48 13 35 75
34 41 34 54 37 34 52 4 51 44 38 15 63 29 64 50 83 33 64 11 9 52 23 60 49 47 21 28 60 23 3 15 29 54 48 0 56 65 33
35 56 59 51 48 77 95 60 91 17 39 45 109 43 54 58 76 78 42 56 55 83 40 100 8 55 72 34 105 73 54 42 81 78 13 56 0 46 86
36 32 88 16 82 98 75 69 69 35 27 51 90 72 10 27 30 97 4 58 58 56 42 77 49 26 86 63 84 66 64 56 74 47 35 65 46 0 80
37 49 61 65 68 50 27 30 30 71 56 41 33 60 75 56 88 46 80 30 31 40 47 35 80 55 34 61 32 14 35 46 6 47 75 33 86 80 0
;